-260
-422
-188
-1326
-49849
-8299
-1609
-1706
-2096
-11219
-3249
-2925
-3031
-3096
-40840
-45560
-27209
-3779
-3883
-4101
-4488
-28295
-4763
-22483
-25023
-4958
-31433
-21203
-6150
-11602
-11699
-6378
-6583
-39837
-7412
-46206
-7949
-8068
-8123
-49312
-8237
-8433
-3165
-8735
-56917
-9596
-9747
-9835
-9901
-59631
-1702
-10252
-10460
-11190
-11244
-11793
-11795
-22285
-13342
-12533
-4321
-16696
-13058
-13125
-13322
-3547
-13878
-14084
-14097
-2748
-14249
-42706
-14762
-18015
-17705
-319
-16165
-36301
-16227
-3071
-37853
-16508
-16570
-50944
-16911
-26538
-43246
-43257
-17177
-17669
-18264
-18420
-18444
-18524
-33597
-18869
-19159
-19250
-19480
-23484
-19583
-38537
-19896
-20060
-20401
-2876
-21435
-21510
-22181
-22237
-8779
-14621
-22720
-3813
-23279
-24159
-23780
-24016
-3988
-23894
-24374
-27757
-17788
-24955
-30793
-25461
-4238
-25644
-44565
-35600
-26464
-37848
-37928
-26621
-26622
-26648
-44777
-4437
-26920
-27311
-27497
-23856
-28368
-49963
-50889
-29123
-56304
-5000
-27638
-37955
-55754
-30658
-4135
-31030
-5139
-27564
-36006
-25523
-31874
-31922
-1200
-12209
-32549
-15423
-5444
-16410
-33306
-33507
-33389
-33428
-36960
-27116
-33991
-34123
-38674
-34833
-35043
-35081
-35202
-31393
-41151
-36003
-39727
-56862
-37299
-37420
-37486
-45471
-8446
-46602
-38096
-38659
-39225
-54530
-58328
-58733
-40608
-40661
-36826
-40878
-47102
-6811
-41418
-41586
-46992
-5589
-52756
-15931
-43167
-43206
-44588
-25824
-45458
-45585
-45615
-45883
-36023
-37749
-7757
-46814
-46899
-40078
-48045
-40640
-47056
-28180
-47227
-47341
-47410
-7933
-51751
-48054
-48167
-48402
-48613
-48692
-52701
-26290
-49448
-34141
-33469
-13661
-54522
-50130
-50384
-52987
-8486
-51159
-51260
-51648
-30736
-51802
-51804
-22141
-10142
-59936
-20636
-53122
-53242
-53441
-9948
-53540
-53901
-54369
-9108
-54506
-54518
-24626
-30172
-55383
-55416
-34943
-29617
-56748
-56762
-56770
-49818
-48770
-5653
-50198
-58893
-58974
-59317
-59577
-59610
-60004
-60474
-107
-761
-972
-35779
-1598
-2019
-13345
-2313
-2330
-17497
-30855
-4064
-4093
-40067
-26168
-26230
-8653
-44149
-4932
-5056
-31103
-31600
-32012
-55024
-11131
-28913
-35700
-6967
-7005
-7023
-7067
-7318
-7451
-7643
-31537
-33683
-8076
-14897
-43479
-8733
-27604
-9050
-9084
-31774
-9298
-9468
-9818
-54266
-55509
-9985
-10174
-2599
-10670
-10841
-10890
-10979
-11187
-11401
-49692
-11774
-10160
-32211
-52352
-59831
-12420
-12510
-12757
-12809
-13013
-22732
-56214
-21290
-13814
-13840
-14009
-14064
-21013
-52746
-14514
-14625
-14731
-14795
-10121
-15156
-12664
-15456
-15866
-16234
-26285
-57498
-22361
-17182
-17425
-17589
-17646
-17672
-13063
-22374
-18103
-18919
-52936
-19170
-19173
-19708
-50870
-53715
-19915
-10603
-10618
-949
-20370
-20480
-2292
-20662
-29530
-21120
-45944
-21674
-22099
-11354
-12882
-54928
-22915
-23356
-23369
-23532
-24029
-34244
-48336
-24416
-24671
-24705
-25063
-13270
-25289
-56993
-31975
-25632
-26124
-26139
-26467
-6778
-2419
-39690
-42026
-51772
-27641
-27746
-57553
-5957
-28433
-28988
-29067
-30444
-29739
-29767
-58689
-29987
-5125
-30278
-4689
-30552
-30878
-35435
-31636
-32196
-12241
-32670
-32884
-32935
-32948
-32978
-17027
-33125
-30510
-33491
-33552
-33616
-33669
-33741
-8837
-56017
-19813
-3409
-35025
-35322
-30947
-38759
-35925
-34554
-57245
-36266
-36535
-13347
-31435
-37546
-37553
-37762
-38311
-36626
-38479
-53613
-45273
-56940
-39589
-9136
-39660
-50466
-39971
-49957
-40485
-42380
-40589
-53713
-40601
-41022
-4417
-41214
-41282
-37079
-42067
-42194
-38888
-43223
-31400
-43428
-20183
-20719
-43771
-19426
-44176
-51523
-51641
-28308
-2651
-45539
-46034
-58339
-46298
-46510
-46517
-46519
-46715
-14766
-46934
-41085
-47300
-43583
-47707
-47965
-49445
-55222
-48623
-50777
-48808
-48954
-49409
-55082
-49474
-50010
-50084
-50393
-50903
-51141
-38705
-5639
-34272
-51777
-9505
-54643
-38918
-12568
-52496
-13482
-53738
-54013
-59451
-59541
-23385
-55103
-55282
-55492
-55762
-56049
-40919
-56583
-56750
-56870
-21955
-57279
-57131
-46988
-58249
-58585
-58949
-23784
-51606
-59688
-17324
-59949
-60080
-40240
-992
-32
-1304
-14513
-20266
-40391
-1114
-1170
-44855
-9650
-326
-2028
-2469
-55646
-2750
-2838
-3264
-40634
-3642
-3948
-7036
-31772
-5008
-5736
-5860
-5968
-6093
-37236
-6292
-40124
-23487
-6721
-7335
-52434
-50353
-7685
-7988
-8032
-8615
-4501
-8902
-21187
-24495
-55211
-57164
-56114
-9617
-58196
-21855
-9949
-42058
-27045
-25195
-11280
-18036
-11721
-11800
-12009
-12060
-22307
-12697
-13244
-19835
-17748
-13522
-13552
-13614
-13687
-13700
-13995
-5275
-14385
-14426
-14497
-14591
-32639
-15163
-32636
-15972
-2672
-16064
-2954
-16291
-40942
-42379
-17212
-17359
-43303
-17889
-17969
-42286
-3166
-51601
-19147
-3233
-19419
-19569
-42311
-19675
-20410
-1517
-20547
-20562
-43912
-21677
-21867
-10671
-22950
-22411
-22729
-31212
-23031
-22970
-2637
-24366
-24623
-15111
-24367
-27750
-24883
-39509
-24419
-25319
-26118
-26211
-35935
-36226
-4357
-27145
-27372
-27457
-1980
-28347
-49088
-22967
-28919
-28974
-571
-43403
-30787
-30865
-30928
-31075
-31214
-31265
-5784
-31902
-31906
-32057
-46563
-51147
-32652
-32707
-32900
-32923
-32971
-19746
-33133
-33342
-33478
-21745
-33939
-33963
-665
-34121
-34128
-34319
-34351
-25977
-26009
-34951
-35361
-35524
-32606
-35752
-35839
-36129
-35489
-9280
-35876
-36424
-11971
-39110
-6193
-37572
-6278
-58737
-38201
-48430
-49110
-38401
-38430
-51430
-38704
-10051
-38798
-54503
-55517
-51974
-12467
-39907
-59094
-40108
-40294
-40455
-6522
-41532
-41695
-41905
-12160
-42553
-42681
-14858
-43020
-36593
-27484
-43671
-20387
-43891
-44136
-51163
-27069
-7492
-45283
-45340
-30846
-33099
-45991
-54150
-46042
-46352
-47223
-47233
-42060
-47478
-43876
-47790
-2413
-36859
-48819
-49109
-957
-49381
-49498
-49909
-23106
-9738
-50155
-50160
-1113
-48660
-15801
-50759
-50862
-7621
-4283
-7138
-51611
-52253
-52261
-52522
-52623
-52764
-53040
-49121
-53633
-53777
-54124
-48368
-3527
-54963
-28277
-55071
-55253
-36506
-55641
-56001
-56090
-26878
-56385
-56501
-56601
-4916
-56716
-20354
-56990
-29680
-29738
-57540
-57839
-58216
-58411
-30002
-46278
-22937
-59270
-33915
-59493
-55683
-27890
-49105
-60082
-60352
-30256
-7
-334
-510
-707
-46159
-8865
-1544
-1969
-15783
-2821
-2828
-2990
-3195
-3748
-31003
-4751
-4925
-10992
-5454
-35292
-31250
-5994
-11015
-7103
-7723
-7975
-50957
-8501
-32783
-8976
-9592
-59300
-11770
-11876
-52132
-10751
-11517
-1321
-11440
-11987
-52377
-12304
-13762
-12691
-52462
-12831
-32368
-12896
-13019
-13144
-49169
-13400
-13618
-13749
-13776
-13903
-13922
-23644
-14947
-15325
-31233
-15435
-45451
-15708
-59879
-16351
-16405
-16539
-16749
-56987
-17567
-17629
-40301
-5844
-18412
-26756
-18648
-51452
-13259
-19698
-57807
-57949
-19902
-20647
-21074
-5258
-21152
-5903
-21969
-22695
-34031
-20377
-25139
-24433
-25600
-25152
-29478
-34430
-25938
-26093
-17943
-39936
-34814
-27686
-27967
-14801
-58416
-59621
-30292
-8877
-30932
-16697
-15363
-31668
-31687
-51823
-9966
-32030
-35588
-5300
-32303
-32400
-14873
-43469
-4640
-32963
-33474
-33717
-21289
-59624
-15747
-22240
-4464
-34509
-34779
-34817
-34905
-27307
-36072
-50144
-34813
-36240
-36345
-36629
-36834
-20359
-36432
-37482
-37832
-38116
-38431
-16585
-24743
-27006
-39126
-39707
-40334
-40732
-40848
-40937
-40970
-41044
-41056
-41291
-41705
-42101
-42158
-42266
-13055
-42952
-34312
-60143
-21235
-17866
-43374
-43563
-43582
-12192
-57695
-21513
-37617
-44688
-3638
-28616
-45517
-45554
-28476
-46430
-46444
-17900
-35530
-18414
-14686
-47112
-38077
-47758
-48025
-48076
-48232
-48251
-18181
-48737
-53657
-50161
-50194
-50375
-12430
-54920
-18523
-38633
-58921
-4707
-34625
-7832
-52211
-38899
-52436
-52526
-49944
-52830
-39035
-16321
-41819
-54616
-15558
-55349
-26300
-53766
-55942
-56007
-34125
-35456
-56556
-37673
-58637
-56814
-56962
-56992
-57049
-41462
-59981
-57749
-58499
-11598
-57953
-41265
-59385
-59716
-27997
-14196
-60262
-5
-249
-16661
-34246
-796
-797
-37559
-1089
-40564
-1725
-1838
-24530
-2381
-2522
-2811
-3298
-3310
-22589
-49573
-20879
-4007
-25283
-26203
-43704
-4522
-40855
-4801
-4853
-4862
-5076
-5715
-18014
-6073
-6364
-29
-7019
-41492
-39802
-7332
-59410
-7498
-51633
-7945
-21617
-10441
-9077
-9381
-30994
-43065
-9647
-9691
-9951
-10075
-10079
-10428
-38926
-10716
-36596
-11122
-11744
-9039
-12600
-13100
-2213
-13660
-13677
-23275
-14050
-14143
-14222
-14355
-14525
-14583
-14663
-14909
-14921
-14929
-27643
-17756
-46240
-17963
-17997
-18289
-18676
-18775
-3428
-19308
-25883
-45725
-47806
-19692
-19950
-20014
-60013
-20257
-20358
-20704
-20958
-21330
-21379
-21419
-21471
-3599
-21676
-21683
-21761
-21950
-22261
-18119
-22509
-3724
-22936
-35365
-23399
-23559
-9744
-24455
-4051
-26888
-24797
-24849
-25022
-25230
-25384
-25387
-25405
-26250
-36154
-26514
-45653
-26728
-44750
-26866
-27041
-27436
-11330
-45512
-28119
-28141
-24935
-28451
-16432
-49984
-4721
-2447
-28777
-31956
-54142
-34126
-29312
-27440
-29626
-29703
-29746
-28479
-4120
-31076
-772
-25522
-35713
-32212
-32474
-32571
-32817
-32827
-32901
-34063
-25130
-34767
-34919
-29741
-35332
-35644
-35005
-35978
-36281
-31998
-36510
-36607
-38995
-36801
-37056
-37656
-46618
-38395
-28053
-17285
-38826
-38827
-38843
-39072
-39251
-39390
-39745
-58198
-40176
-26959
-40357
-3299
-46028
-41555
-41619
-8498
-8796
-41901
-10837
-11788
-42349
-14287
-16233
-42994
-43062
-17219
-43243
-17618
-20329
-27563
-44186
-37958
-23582
-47712
-45107
-22775
-45630
-45680
-45738
-43703
-46411
-38203
-46951
-47787
-47888
-6084
-47331
-47926
-48561
-28261
-5945
-48604
-20530
-5714
-56575
-49978
-39096
-50444
-50542
-28684
-8499
-45932
-51873
-44497
-7559
-11952
-52373
-52917
-53332
-55297
-53120
-53162
-24891
-53615
-26788
-29331
-54911
-34500
-55511
-48062
-56100
-56290
-56473
-56552
-37480
-29621
-49744
-26175
-52298
-57483
-57811
-57969
-58064
-9970
-29929
-58595
-54131
-59295
-50550
-45
-1689
-4999
-321
-596
-10236
-1389
-1418
-18401
-1931
-12913
-3646
-2517
-15219
-45020
-2841
-3132
-53304
-10678
-4891
-39020
-5896
-31259
-6075
-6266
-3130
-6309
-6373
-6495
-6595
-25037
-6933
-42653
-7231
-7262
-8242
-56204
-51377
-8629
-8780
-8785
-8971
-9027
-9199
-11651
-9879
-21987
-1148
-10786
-5385
-5763
-11172
-48992
-29926
-11728
-56496
-21608
-12478
-12242
-36130
-13160
-29463
-13971
-26685
-52874
-15498
-8450
-25802
-32953
-16385
-16520
-38714
-16677
-21151
-17132
-17302
-17520
-21411
-18309
-18318
-18652
-51949
-52706
-18915
-19386
-19962
-38343
-94
-13488
-3981
-36222
-21619
-12320
-21771
-21906
-54032
-7233
-22699
-23198
-23515
-23586
-54263
-34165
-23728
-23787
-22654
-4629
-24450
-26162
-24633
-24701
-7079
-24824
-1945
-24961
-25069
-44063
-25457
-31663
-25582
-25597
-26350
-55355
-37292
-26834
-27359
-27752
-34077
-28118
-28201
-47771
-28768
-54835
-57620
-29942
-4461
-31039
-55556
-9278
-31919
-32216
-32422
-16108
-32792
-32807
-32823
-33080
-18581
-2827
-47377
-54821
-34233
-34686
-35548
-35601
-33018
-19650
-35991
-9294
-36442
-38243
-36716
-36840
-37257
-36447
-37434
-37696
-37738
-38067
-56705
-16606
-39095
-37500
-39286
-37675
-16739
-39857
-58892
-40309
-40364
-841
-1224
-57124
-2246
-41397
-17007
-7903
-51502
-57367
-58298
-13616
-42977
-43124
-43714
-20779
-44108
-44211
-37566
-44467
-15499
-44532
-57610
-44931
-29028
-31165
-43010
-45691
-58062
-58168
-46651
-37946
-46721
-46816
-47187
-32244
-57884
-48415
-48487
-48958
-48993
-49054
-49060
-49335
-49664
-56518
-52948
-57434
-49889
-50136
-1869
-50853
-3550
-51016
-30897
-57386
-27446
-18690
-51530
-51591
-53102
-4898
-52487
-14655
-16678
-53376
-53435
-18998
-23424
-54242
-54420
-54718
-7671
-55087
-39512
-19402
-33200
-12719
-56504
-21765
-38544
-56936
-57103
-57176
-40994
-17716
-57218
-57590
-57684
-58072
-58300
-58359
-48884
-58556
-58953
-51918
-40100
-53598
-59565
-58
-98
-47099
-673
-810
-979
-1256
-51851
-14391
-85
-19688
-39569
-2910
-49107
-13656
-52814
-36092
-17413
-5233
-5299
-26117
-5817
-6187
-6229
-6295
-41384
-6817
-1165
-7568
-58818
-7844
-8010
-8209
-50487
-8881
-8895
-10014
-10637
-11083
-42210
-11791
-12010
-12341
-15393
-22351
-3353
-14178
-24937
-18738
-21403
-28852
-15062
-15230
-15239
-15476
-16122
-16477
-17398
-9018
-377
-17894
-17480
-18404
-18531
-23318
-25100
-18781
-53361
-55294
-19379
-43568
-58608
-3312
-58224
-19818
-9594
-20175
-20328
-3435
-20889
-56490
-21597
-22015
-44010
-22616
-23167
-23324
-23338
-24126
-19093
-23773
-23813
-24041
-24165
-25091
-24905
-24397
-25045
-46521
-25162
-25643
-53932
-37298
-24758
-27247
-44910
-49027
-46608
-28871
-29076
-38594
-6432
-29337
-29944
-5176
-30118
-8031
-30146
-30167
-30253
-30286
-31037
-5646
-31240
-12228
-31914
-46123
-32143
-12025
-57317
-16272
-32991
-28525
-51191
-33860
-14049
-26310
-27324
-5989
-10070
-37092
-50273
-37474
-44055
-37591
-45444
-37763
-38089
-38241
-34470
-39342
-39621
-49651
-58643
-40051
-59597
-51226
-6768
-4905
-41259
-41485
-42438
-42524
-42635
-35707
-17206
-2157
-51157
-43726
-55791
-44611
-28827
-36384
-47746
-45697
-45767
-5110
-21932
-21228
-48018
-46924
-40762
-47396
-47668
-24340
-48245
-48203
-48457
-48499
-49209
-8256
-56110
-49673
-49724
-33433
-3426
-4511
-4546
-51319
-52964
-51888
-52391
-52407
-13833
-6198
-55352
-33599
-43630
-53851
-21125
-22011
-29197
-54354
-24471
-54526
-54862
-54971
-39358
-31886
-32766
-55890
-27421
-56241
-38968
-56493
-57035
-57242
-37754
-48178
-57768
-1611
-58342
-58699
-58888
-59172
-42142
-59546
-59677
-53658
-48670
-30160
-4180
-60229
-236
-20389
-582
-10225
-6918
-1245
-10322
-1569
-1975
-2462
-14952
-16081
-2786
-37448
-17203
-18133
-53250
-3408
-3602
-3925
-29731
-28439
-4920
-5380
-35398
-5928
-5948
-6077
-38677
-40127
-6703
-6730
-6831
-7280
-7293
-31482
-7487
-19561
-8225
-8230
-8265
-23087
-8666
-49124
-9056
-9527
-57248
-9642
-10049
-10078
-10084
-10453
-10539
-10632
-10770
-11163
-11432
-11648
-9318
-12923
-12131
-3300
-21358
-12475
-12728
-12768
-12825
-12897
-29710
-13332
-13764
-19289
-22995
-13947
-14177
-14536
-15011
-15183
-15342
-15767
-15925
-16147
-16345
-33020
-47549
-50546
-39894
-44935
-17881
-17890
-17958
-16884
-48872
-49668
-19304
-55535
-19451
-19967
-20137
-266
-285
-35352
-19136
-6579
-20920
-21627
-21666
-8998
-21750
-21980
-11337
-22204
-5935
-15696
-52429
-16140
-16626
-13951
-23103
-23311
-23364
-53181
-1269
-24563
-24631
-26921
-27938
-54558
-25642
-25986
-34629
-41186
-27118
-27121
-57244
-759
-27728
-27879
-52883
-45145
-53216
-29622
-432
-60032
-4068
-5384
-31232
-55620
-31866
-32394
-32535
-40247
-32726
-32808
-32850
-21064
-33097
-33535
-34217
-34249
-35294
-56232
-35619
-33090
-59326
-35788
-35992
-36257
-36385
-36539
-36963
-56554
-37308
-8423
-38497
-39151
-51228
-57726
-40581
-2756
-40778
-40986
-41119
-41266
-41330
-49028
-6571
-49385
-9803
-41959
-32000
-37254
-42666
-42675
-57515
-15176
-42946
-43798
-43404
-57624
-43658
-51524
-59428
-44271
-58107
-25850
-44597
-27494
-17624
-45407
-54762
-33177
-15814
-11748
-46445
-46953
-47119
-47534
-47832
-48396
-48580
-30287
-52481
-50234
-121
-50394
-59790
-24123
-30478
-51124
-51528
-6959
-8149
-51930
-52028
-52428
-53614
-34724
-53910
-25186
-54670
-35898
-55150
-29851
-58151
-31609
-33898
-56197
-56340
-17539
-56718
-56775
-42226
-57848
-58039
-46363
-39923
-58289
-58938
-59044
-51961
-34461
-59594
-57173
-59975
-60339
-60340
-20185
-185
-213
-227
-917
-44761
-6026
-18219
-7759
-1672
-18439
-1774
-2241
-55269
-2650
-16236
-3222
-20770
-3463
-3678
-13068
-745
-4677
-4781
-5171
-5255
-41219
-9562
-5555
-5651
-5723
-35787
-20774
-11592
-7215
-7258
-7765
-7858
-7900
-8221
-15066
-41829
-54966
-14248
-41893
-349
-9661
-30599
-10082
-10494
-2480
-4429
-11046
-11060
-11368
-11839
-12017
-12109
-26340
-41298
-12542
-16092
-21826
-13521
-13627
-13649
-22630
-14768
-14837
-14906
-14912
-42895
-42896
-15533
-15947
-16299
-16961
-17160
-17715
-18057
-18089
-18198
-48734
-18319
-2154
-18611
-29497
-43506
-482
-19225
-19226
-43550
-19434
-19778
-59560
-746
-40683
-20788
-56019
-21237
-47597
-21509
-26083
-40087
-21740
-9329
-21767
-9422
-9499
-21894
-22001
-43981
-39642
-22969
-17172
-17505
-18374
-48843
-3799
-44237
-23695
-21036
-23754
-23834
-1006
-24115
-24229
-17764
-24851
-24606
-24346
-27395
-43610
-25235
-25647
-56816
-25957
-26247
-18554
-26790
-26918
-43057
-27411
-27560
-27666
-58283
-28202
-15318
-4664
-49704
-28505
-28711
-28754
-36472
-29570
-30421
-30607
-30684
-30751
-5096
-25368
-7372
-31538
-32337
-50333
-49407
-17002
-33209
-33303
-45919
-25931
-34267
-34523
-5718
-34776
-34805
-29273
-35126
-35187
-58094
-30415
-35417
-35599
-35642
-46218
-35660
-35730
-31716
-36185
-46310
-36373
-21412
-46371
-36988
-37029
-37211
-37484
-44049
-9376
-38297
-20688
-38605
-38829
-38950
-53173
-39158
-46789
-39232
-58147
-46895
-15167
-40273
-40522
-17970
-40885
-4253
-42336
-7028
-13061
-43940
-29219
-44110
-44248
-44273
-14806
-27629
-28170
-7109
-19056
-31462
-45251
-18
-45906
-34661
-54955
-46545
-12253
-50150
-46732
-48032
-48333
-46947
-47317
-7959
-48399
-48417
-49353
-48583
-48818
-48847
-18184
-40435
-23810
-49253
-6038
-51253
-49784
-33748
-5655
-1413
-3034
-50713
-50835
-48717
-28719
-28934
-48868
-51919
-44609
-14597
-53028
-16481
-28014
-53209
-53296
-47784
-24965
-53878
-53793
-9172
-29196
-54661
-45351
-54921
-54976
-55034
-55437
-55475
-9455
-56837
-57286
-57486
-57503
-58430
-58501
-58624
-50037
-50343
-44979
-51468
-51634
-52269
-59192
-54492
-59714
-1603
-10528
-50346
-818
-6694
-1199
-1226
-1302
-1632
-2006
-2305
-10478
-37798
-3247
-3388
-3494
-21263
-57767
-4504
-51156
-26099
-4921
-4972
-51231
-5605
-5668
-5829
-6354
-39814
-40128
-7546
-49794
-8440
-8851
-8928
-51879
-9114
-9239
-52226
-52840
-9912
-17017
-10594
-4553
-32092
-11324
-9026
-19727
-12151
-24698
-18276
-13759
-14027
-14214
-20605
-14352
-14508
-15512
-15635
-15744
-34745
-15941
-15948
-15978
-16025
-32938
-16707
-16754
-17010
-45262
-17491
-20744
-18151
-18549
-16393
-18694
-52433
-2366
-19065
-56867
-32286
-57417
-20087
-13477
-56943
-20789
-20925
-20945
-21551
-2132
-21790
-31169
-22077
-22095
-22431
-14840
-22719
-16831
-23243
-20655
-54288
-23880
-41177
-14171
-24976
-24523
-24553
-24573
-26900
-24957
-25127
-25275
-31049
-34493
-15399
-26189
-26608
-45125
-1688
-27512
-27796
-27798
-28615
-28700
-55010
-51890
-57296
-15774
-32735
-55332
-30576
-30602
-30776
-4800
-55532
-7722
-31569
-31964
-10435
-32410
-27141
-15586
-33052
-33173
-1201
-34168
-34194
-35401
-35490
-35587
-33305
-35952
-35995
-20699
-36327
-36331
-36407
-41394
-44817
-41849
-37556
-59092
-37866
-10885
-12881
-55241
-38256
-38321
-38416
-51168
-36635
-38821
-40936
-39595
-39625
-39947
-36877
-58519
-59275
-40206
-40318
-40504
-2575
-38080
-26430
-41448
-8504
-41823
-41885
-10208
-42137
-42256
-42356
-31786
-13075
-42629
-24609
-17327
-21162
-43870
-22960
-45270
-31944
-45808
-46331
-46385
-25813
-17867
-47168
-49954
-54077
-34099
-47556
-44704
-47891
-14130
-48138
-48295
-48495
-25415
-48775
-48800
-49375
-49549
-38440
-46171
-49833
-50072
-50237
-34
-50695
-50751
-59061
-16453
-52442
-52452
-13697
-52928
-39061
-53186
-53426
-39143
-5541
-51386
-19082
-59508
-54656
-54698
-15882
-54890
-59572
-28560
-43372
-55203
-34985
-56790
-39793
-19601
-57129
-57180
-57455
-6467
-57683
-57847
-57996
-58100
-58104
-58244
-58327
-58713
-58776
-59111
-59116
-20110
-57578
-40307
-27
-1233
-283
-1149
-258
-267
-281
-1738
-2872
-48675
-2912
-28305
-49180
-18786
-3281
-3389
-34080
-3541
-3663
-25062
-4309
-4395
-4980
-30561
-5065
-21129
-6104
-6145
-1068
-6322
-6420
-6777
-6837
-42236
-7429
-8253
-23489
-54947
-8363
-9249
-59306
-57157
-9971
-10011
-10250
-22038
-11462
-11470
-11512
-11970
-12027
-12301
-12870
-13339
-13631
-4374
-14412
-14579
-24484
-15010
-2598
-58691
-6630
-15379
-15381
-15945
-22979
-23024
-17052
-17057
-42475
-17986
-18440
-18566
-19213
-20188
-1000
-23641
-20609
-18703
-20829
-37993
-4252
-4462
-21118
-23775
-6593
-7227
-21516
-8470
-21723
-1255
-21934
-2573
-22235
-9758
-23622
-23084
-46372
-24388
-23430
-23509
-1411
-25481
-33053
-24613
-24882
-38338
-28475
-25079
-4159
-25665
-25820
-25832
-26004
-24501
-26721
-27320
-44943
-28064
-28088
-17785
-31961
-28688
-28880
-52923
-53157
-55860
-55936
-29697
-45244
-58403
-4966
-59240
-59619
-45311
-30230
-6331
-30861
-5121
-17922
-45489
-45023
-32407
-32412
-32583
-45784
-17832
-33593
-33702
-15276
-22827
-47002
-39460
-35299
-35349
-36000
-36084
-36544
-36661
-40109
-37253
-42779
-37883
-47847
-21877
-38378
-38392
-38499
-6785
-29872
-52633
-39222
-48853
-39310
-56326
-56364
-39770
-39853
-10409
-40160
-40392
-40429
-4474
-40883
-48370
-41329
-23862
-42742
-43142
-43162
-43618
-24364
-25884
-44765
-45217
-35523
-36892
-37682
-28459
-46616
-50589
-56892
-47705
-47854
-46370
-48011
-47125
-48161
-48646
-48690
-48817
-30334
-60313
-49896
-60432
-50459
-2540
-51052
-15148
-51753
-52640
-31139
-52932
-49096
-53196
-53398
-53496
-806
-53747
-53749
-53849
-23759
-54311
-54429
-35055
-54924
-55111
-46373
-14364
-49543
-7286
-49586
-56476
-56887
-57550
-17816
-57678
-9701
-47438
-58337
-9145
-9800
-54126
-58265
-60124
-10105
-228
-1355
-2147
-586
-710
-996
-8374
-1584
-12067
-1756
-50653
-12129
-2267
-2643
-2791
-3007
-3238
-3345
-3757
-3918
-49453
-4491
-55116
-5183
-5429
-34407
-4492
-35686
-45161
-6528
-51485
-6779
-58518
-7358
-7677
-7851
-31581
-5285
-55364
-8547
-8673
-9006
-9009
-9548
-58440
-10381
-32831
-9640
-2785
-10572
-10655
-4865
-5215
-44113
-11506
-11541
-11156
-32225
-12611
-12932
-13227
-32439
-13881
-4700
-14088
-20622
-52737
-14434
-14524
-14634
-14954
-49471
-15398
-15829
-4621
-15619
-23879
-16260
-16374
-17190
-17355
-17605
-36123
-7007
-48042
-18325
-20157
-31916
-33444
-33467
-19720
-19819
-20383
-20431
-32054
-20618
-20623
-33676
-50925
-21269
-21370
-21659
-21907
-22273
-22296
-624
-23265
-23753
-44938
-11784
-34340
-28319
-25112
-38310
-25605
-25846
-56500
-26194
-35006
-35153
-39536
-26972
-27014
-27255
-42885
-14689
-27469
-27778
-34854
-60021
-28132
-28151
-28699
-19893
-2231
-29297
-29316
-29387
-56255
-58550
-57513
-29873
-26368
-30200
-60376
-50715
-31590
-31685
-32307
-32457
-32752
-33561
-35897
-34242
-41300
-34908
-35291
-53841
-48869
-35605
-32542
-35930
-36202
-36207
-56428
-36818
-26800
-37726
-11426
-37994
-56717
-38259
-26607
-36658
-38353
-42092
-39107
-39255
-9165
-54974
-40016
-724
-40633
-56866
-41031
-29861
-41196
-55358
-41587
-9659
-16435
-17141
-42507
-42727
-15225
-43371
-17405
-43857
-24046
-44568
-57817
-44760
-36037
-44837
-781
-29705
-57942
-40559
-4633
-33696
-45981
-46048
-46198
-46362
-52221
-9474
-39421
-46963
-37998
-45729
-48983
-47204
-47276
-47557
-44803
-47754
-9107
-6401
-48137
-48682
-48346
-49707
-49931
-50670
-50693
-50810
-51057
-28610
-51309
-5576
-7913
-51763
-51791
-51903
-52009
-59085
-52254
-19607
-11835
-52600
-53166
-19418
-53630
-39193
-21817
-37368
-23913
-54472
-54484
-54508
-54714
-59536
-33667
-21621
-55545
-56028
-13843
-19499
-56883
-56912
-56997
-59914
-53706
-57524
-57642
-45987
-58284
-48628
-58873
-40036
-59186
-59193
-59205
-59655
-59753
-59658
-60442
-40
-256
-21333
-42736
-25668
-41429
-820
-30190
-42469
-40491
-1746
-17579
-16093
-2830
-40865
-3355
-3597
-23181
-4175
-4352
-33643
-27453
-41086
-800
-23934
-7593
-5727
-49343
-6237
-6245
-6713
-6797
-6866
-6758
-8114
-8496
-8708
-51050
-8921
-1532
-55014
-9363
-57294
-9756
-9889
-48384
-21952
-10507
-4009
-1824
-11055
-2668
-11737
-55928
-12404
-22347
-12773
-43420
-13240
-19207
-25568
-22458
-13415
-13646
-13787
-13861
-14345
-58486
-2475
-2774
-15004
-15030
-15166
-15437
-15833
-15842
-17158
-17213
-43001
-17460
-17560
-17723
-17813
-10665
-47072
-48105
-30971
-49857
-43463
-18818
-19286
-19578
-47254
-19808
-59285
-20064
-20104
-20360
-20476
-20772
-30128
-21035
-21142
-1129
-21661
-21663
-22246
-22271
-44039
-22419
-22656
-15991
-23205
-23215
-23263
-53025
-19190
-23440
-23612
-23626
-15984
-23970
-24464
-24618
-18985
-25099
-17926
-25655
-12629
-12201
-26018
-17908
-26119
-44648
-36272
-30027
-26387
-26452
-37320
-26856
-54086
-28542
-47767
-45736
-3497
-29910
-30318
-30372
-27488
-25298
-1915
-30604
-35022
-31210
-31338
-31500
-31810
-31989
-25624
-44302
-45716
-32475
-14984
-15151
-33234
-5513
-33346
-33580
-33829
-33868
-46745
-31555
-26054
-35017
-206
-5870
-35505
-32174
-5926
-4760
-36352
-37339
-36096
-46469
-42348
-37369
-37440
-37624
-37693
-37742
-38318
-38576
-39140
-39304
-42146
-39910
-39933
-42899
-47107
-41264
-41503
-7712
-6997
-22163
-42498
-42702
-27955
-47375
-38534
-19991
-43029
-47003
-53121
-44778
-43602
-43910
-44042
-17098
-24744
-25719
-44655
-44788
-44821
-45131
-45735
-34018
-35285
-27350
-17445
-39351
-27995
-53420
-40710
-47061
-47231
-28073
-187
-54704
-47834
-17550
-47939
-46880
-48036
-56656
-49792
-50446
-29023
-50605
-50684
-50844
-50976
-51233
-51351
-8197
-48899
-52247
-2383
-34320
-56086
-28965
-52885
-52933
-53223
-29087
-53798
-10668
-21537
-54348
-18612
-54486
-25250
-46359
-2667
-52649
-55739
-22871
-9372
-56894
-41229
-57211
-4637
-57336
-57467
-49866
-50869
-58297
-58437
-58530
-59034
-59183
-28599
-59666
-42528
-4151
-173
-280
-741
-55552
-10249
-42364
-30494
-1815
-28271
-2445
-2712
-16742
-3011
-3235
-3571
-3806
-51584
-51108
-32816
-34214
-5766
-35436
-40529
-6955
-7203
-44601
-52781
-18637
-13994
-8396
-9160
-9333
-2471
-9713
-16305
-21904
-31968
-11944
-6085
-41459
-11362
-11394
-11399
-15091
-12435
-12613
-52552
-13195
-13356
-7942
-14165
-14337
-14421
-26143
-14475
-14785
-15162
-12869
-30005
-15481
-16106
-16630
-17457
-17551
-17627
-13087
-17049
-35108
-50264
-18709
-19757
-19844
-19959
-20013
-53678
-20315
-1296
-20894
-21186
-21238
-21490
-8055
-9373
-9877
-33369
-37645
-19998
-22242
-22493
-22502
-22548
-22623
-22626
-38844
-23903
-34766
-14124
-45917
-24154
-25684
-24679
-24893
-41363
-30377
-53818
-25296
-30969
-25705
-25980
-26186
-37374
-26487
-14538
-26598
-38216
-25197
-26747
-26819
-26217
-27550
-28052
-28076
-28175
-34942
-28249
-28555
-28578
-55129
-51440
-5458
-29187
-3743
-29950
-39732
-40938
-50738
-31429
-31561
-31637
-32743
-15516
-32889
-33187
-33242
-33812
-33842
-33878
-34495
-36076
-36139
-36190
-22741
-36324
-37965
-36775
-4405
-37357
-37487
-44684
-37950
-56693
-47703
-16464
-48502
-38913
-52431
-39079
-39426
-39670
-13509
-39938
-36916
-41325
-6830
-12935
-55634
-42701
-42848
-43058
-24372
-43342
-37411
-43552
-43577
-44252
-44612
-26471
-5553
-45142
-29360
-31300
-31446
-45556
-45598
-45943
-46170
-46270
-46304
-30733
-26140
-21818
-31841
-47209
-47608
-48075
-48253
-48303
-49429
-58475
-48744
-51298
-52561
-49142
-18313
-49499
-38445
-49985
-50429
-6922
-2765
-3503
-51138
-38778
-52108
-52120
-52232
-52289
-54361
-52533
-52559
-52652
-52813
-39103
-53473
-52891
-54087
-54160
-29151
-54724
-54933
-55321
-55538
-36193
-56873
-57097
-57128
-57653
-39842
-57786
-44862
-9776
-58268
-58493
-58630
-19626
-50313
-58832
-58951
-59379
-60312
-25446
-63
-390
-427
-2923
-145
-35755
-1077
-1433
-6514
-2210
-13335
-14235
-16810
-3171
-3361
-18037
-686
-41016
-23943
-8182
-4873
-54061
-41236
-33081
-5521
-35496
-29880
-6310
-6501
-6614
-6678
-6904
-44941
-7177
-7424
-9437
-7555
-18268
-7886
-37307
-32240
-8159
-8294
-35309
-37603
-8622
-8926
-40648
-9300
-9605
-9663
-10266
-50017
-7010
-10801
-22030
-42117
-15065
-10876
-1864
-57304
-54112
-11245
-11703
-27426
-12072
-36002
-57980
-12673
-12908
-42513
-13921
-13981
-14015
-26490
-49185
-14980
-29916
-15193
-15296
-31703
-15421
-33195
-15667
-15730
-34022
-15782
-31679
-46872
-16468
-16525
-16620
-53672
-16808
-60162
-45121
-25178
-30911
-49425
-18368
-18504
-51487
-18963
-56475
-20513
-3192
-20804
-21185
-21747
-22169
-22185
-29137
-26654
-13909
-22615
-44831
-22867
-22900
-22932
-23406
-24136
-14101
-24078
-28442
-33072
-24446
-25548
-24492
-31394
-25621
-25707
-26214
-38581
-54020
-26761
-42276
-27481
-27777
-45569
-28153
-50630
-4809
-29426
-13449
-30401
-30542
-26017
-30618
-31101
-31121
-5169
-59063
-60445
-6773
-45559
-31991
-12910
-32460
-5387
-14386
-32740
-32806
-55571
-27714
-44647
-59011
-34161
-34416
-5744
-27681
-34954
-47768
-5819
-16402
-35968
-36001
-36108
-36147
-36340
-37386
-37441
-37667
-46058
-38195
-38207
-38374
-60410
-55806
-42934
-40532
-48925
-49108
-4328
-41499
-41921
-11201
-12689
-42548
-42793
-42980
-43049
-43277
-18701
-43907
-37839
-23841
-44454
-44501
-44556
-44912
-45018
-45181
-14512
-45829
-45939
-46418
-46935
-41317
-40620
-47243
-15181
-42800
-47547
-47561
-48196
-48082
-48131
-47487
-48227
-28246
-28282
-38509
-51982
-48977
-50675
-49112
-55452
-50529
-28629
-50659
-9780
-51220
-51632
-50979
-51764
-21921
-39227
-52420
-52498
-15768
-52743
-52802
-52916
-53319
-19497
-53619
-15565
-53750
-11546
-21160
-53915
-54426
-54456
-55208
-15575
-29811
-55447
-32344
-9947
-55903
-14708
-56184
-56479
-57278
-57759
-57889
-58003
-58500
-58706
-23183
-47931
-5259
-50225
-7787
-60074
-60276
-46
-53666
-153
-1154
-30349
-50442
-4543
-4291
-1014
-1125
-1135
-26425
-2011
-10423
-12426
-50698
-2331
-37972
-2412
-2555
-2560
-50816
-55009
-40965
-49337
-4568
-5144
-5728
-57988
-6011
-30223
-6732
-31366
-51519
-51527
-6911
-6989
-33656
-7104
-7174
-7223
-21951
-44755
-14190
-7594
-5863
-11499
-8525
-50372
-53933
-970
-9662
-58239
-40331
-58898
-10338
-10782
-11427
-11510
-8595
-12085
-12559
-15698
-8419
-28622
-19265
-14149
-14269
-14618
-27314
-14761
-28309
-15123
-12720
-15851
-29269
-12829
-39653
-15673
-16973
-56537
-10059
-17536
-11946
-13508
-17819
-17901
-13109
-13110
-18073
-18164
-18349
-53939
-19196
-20065
-20078
-20477
-2155
-53800
-20871
-53661
-54936
-31683
-10663
-22187
-22263
-22338
-13705
-22813
-16724
-23271
-31614
-34146
-14112
-24993
-25131
-31205
-25454
-25853
-55990
-26381
-2834
-26593
-26634
-33219
-24971
-54801
-40571
-18777
-42306
-60360
-27645
-28129
-50667
-29569
-29615
-29618
-52881
-59582
-56613
-742
-30541
-31190
-32458
-14036
-42414
-55789
-41860
-32772
-32820
-59574
-55849
-33156
-33295
-33749
-33871
-33902
-28058
-26388
-27468
-34839
-34883
-39128
-35131
-473
-35473
-36081
-21903
-36255
-30102
-36306
-7299
-36844
-16135
-20459
-37197
-29902
-37616
-37658
-37927
-46718
-38246
-40622
-57438
-39560
-2281
-40692
-3625
-40808
-57212
-41101
-41129
-5270
-37066
-57238
-41909
-27667
-17148
-42383
-42571
-28146
-33851
-26198
-43357
-35303
-43804
-56877
-44196
-44413
-44895
-44998
-10740
-58049
-39516
-51507
-47077
-463
-17256
-18030
-23610
-48110
-58423
-48412
-49736
-48732
-49222
-49308
-11705
-38495
-49997
-40561
-27132
-3066
-51521
-51525
-1439
-31380
-51955
-14753
-52893
-18988
-53410
-53560
-15407
-19089
-14186
-45378
-54606
-43943
-27630
-55035
-55161
-20487
-55515
-32885
-19430
-56437
-56690
-19639
-56704
-4232
-50875
-57971
-39892
-39905
-44292
-44289
-58664
-58872
-58890
-26830
-19947
-51575
-57378
-57145
-59558
-37131
-59699
-22115
-59748
-40236
-60292
-40058
-20182
-579
-737
-773
-53072
-869
-655
-7735
-262
-6154
-1612
-37425
-24657
-11397
-1947
-1963
-12819
-13571
-2430
-2476
-2526
-3285
-3454
-40969
-23758
-734
-4460
-4574
-32922
-5119
-5287
-5337
-13256
-7820
-6481
-47595
-33111
-49773
-7701
-8093
-8227
-36857
-48760
-53660
-56737
-9510
-9519
-8692
-18383
-21858
-79
-10244
-10283
-42049
-11133
-11136
-11145
-6246
-11226
-1903
-11515
-11526
-10541
-11948
-26014
-36977
-16662
-39075
-12652
-13443
-13617
-13812
-22556
-57539
-2455
-29167
-44840
-15029
-42871
-15436
-34753
-35594
-16100
-1860
-40761
-16607
-45398
-16814
-16852
-16916
-57956
-42397
-17343
-45750
-2997
-47257
-47646
-18082
-18226
-3097
-18463
-18467
-18540
-50758
-7062
-7472
-19494
-58276
-19621
-19652
-20351
-49522
-4392
-5009
-21196
-21414
-24275
-9942
-22106
-29327
-22324
-23981
-23984
-10695
-22671
-22773
-24039
-22944
-58514
-3863
-18879
-24504
-42464
-4211
-26448
-4480
-1798
-3404
-27636
-31262
-24973
-28043
-38932
-29407
-45242
-30174
-40193
-37790
-5272
-30716
-4486
-5457
-4234
-31910
-31923
-31997
-32127
-32228
-5341
-32298
-13289
-37639
-55342
-32794
-25715
-33155
-10184
-19042
-29820
-34382
-34389
-26395
-35051
-35112
-30487
-35333
-11531
-35758
-31093
-35940
-36355
-37456
-36557
-51166
-56746
-44887
-37421
-46552
-59261
-38060
-44465
-38751
-38862
-38925
-52997
-39363
-40469
-40891
-40911
-6308
-41015
-41336
-6666
-41581
-7904
-14134
-41828
-12808
-42797
-11776
-44370
-44529
-16418
-44921
-59711
-45271
-45441
-45507
-45638
-32924
-45903
-19085
-45935
-34247
-35987
-27960
-7418
-47131
-47332
-7106
-46876
-48324
-50866
-47486
-47348
-48938
-45746
-49925
-32473
-46893
-50154
-2866
-16121
-51021
-52556
-51456
-52519
-10066
-53004
-53214
-53238
-53244
-53283
-18256
-53382
-53668
-25593
-54806
-54915
-9210
-59832
-3862
-55490
-29155
-55803
-55916
-10548
-31622
-37284
-42224
-57206
-57320
-4033
-57997
-58447
-58515
-58877
-58930
-51300
-40479
-59554
-20998
-20559
-59644
-59698
-50209
-59863
-60062
-50265
-59415
-60366
-1
-28
-245
-17428
-10164
-603
-10217
-879
-1187
-30623
-51538
-19313
-2847
-17185
-17237
-46103
-11656
-51048
-4320
-4682
-28892
-51179
-10973
-11004
-5404
-33451
-19724
-5983
-53236
-36585
-7143
-44879
-11393
-7899
-8388
-8448
-47841
-31699
-9361
-9515
-31833
-9694
-9705
-9708
-48423
-10491
-14633
-11586
-11894
-12440
-37375
-55917
-28414
-13157
-13393
-23027
-12456
-14373
-6930
-14580
-14898
-29659
-15528
-20299
-12736
-25510
-15943
-17053
-2003
-17374
-18433
-49688
-38737
-3417
-19854
-19879
-20042
-20079
-20203
-28090
-21051
-5573
-21264
-21282
-21342
-21667
-21797
-46154
-12986
-9636
-13924
-34132
-23744
-22929
-24087
-24789
-24822
-28079
-24985
-25332
-25391
-25514
-25919
-46396
-42352
-26660
-45356
-14573
-26951
-27010
-27383
-43105
-44200
-27646
-27678
-27744
-27761
-34855
-19058
-28006
-29264
-28193
-28247
-2659
-29248
-3277
-55252
-15084
-23623
-34705
-30057
-55360
-35270
-30259
-34047
-24945
-1112
-30562
-30647
-30719
-30876
-53082
-30951
-30982
-6985
-3563
-8474
-22182
-32045
-4659
-32183
-32226
-12175
-32374
-32389
-32413
-30624
-32876
-13328
-22791
-56079
-1745
-34717
-56150
-50293
-30100
-56229
-9580
-32764
-33237
-35849
-36062
-36254
-22536
-39263
-56288
-36784
-36932
-37202
-45156
-37446
-37469
-10484
-9700
-46269
-37911
-36575
-38702
-39493
-39646
-39851
-40189
-40767
-40832
-40868
-4692
-6426
-25006
-41621
-41925
-42130
-42205
-11636
-42289
-42319
-42568
-57772
-35861
-56809
-44265
-44833
-30924
-31940
-45971
-46416
-46671
-49291
-38017
-47716
-46024
-48176
-48186
-48233
-4114
-48329
-48407
-48480
-50532
-48693
-47428
-49695
-49991
-50115
-560
-50772
-3311
-51173
-51250
-29535
-32983
-6076
-51459
-6807
-48959
-52182
-11996
-52365
-55357
-52570
-52657
-18930
-53099
-1284
-20302
-53809
-53980
-54318
-27177
-20001
-55566
-56909
-51441
-30419
-57729
-57770
-39872
-46867
-52492
-58651
-58996
-59024
-59506
-59380
-59892
-60265
-60306
-20168
-60330
-23236
-460
-472
-3040
-40411
-692
-1472
-1723
-11596
-12873
-15349
-2781
-2935
-2962
-2989
-3109
-3280
-32854
-3740
-3816
-3923
-5277
-44157
-30786
-33178
-6386
-6503
-1369
-7430
-1360
-48367
-50282
-2295
-46316
-8637
-41771
-8701
-8778
-54520
-40585
-10107
-10714
-10980
-42129
-7974
-18044
-11378
-11458
-11485
-50074
-11551
-33787
-12865
-47288
-12578
-25783
-42441
-17230
-42506
-3101
-13835
-14396
-27860
-27920
-2602
-33525
-60121
-15776
-34355
-34441
-5955
-35606
-16369
-40934
-43113
-16966
-17363
-17439
-44769
-3009
-18032
-18304
-43417
-18601
-18857
-58688
-18965
-19719
-19821
-52913
-20674
-20890
-20947
-20978
-23741
-21156
-32677
-43947
-21902
-30512
-56180
-24559
-24964
-28864
-25201
-19795
-28437
-36065
-36375
-27054
-27149
-24804
-27439
-27599
-4641
-48199
-28389
-439
-21449
-45861
-28760
-28793
-48568
-17422
-29454
-4911
-41512
-29888
-30326
-392
-38437
-30402
-30872
-31155
-10853
-31483
-6279
-31688
-32069
-54950
-41263
-32599
-14507
-32871
-20105
-59337
-45959
-17490
-17678
-45856
-54212
-17409
-34266
-34747
-34835
-6892
-1658
-59744
-11964
-35706
-3392
-46268
-34868
-46288
-36170
-35360
-46332
-44285
-37073
-42351
-25526
-37740
-48249
-38436
-37638
-39091
-39881
-23055
-6708
-3967
-4649
-41307
-22275
-19360
-42085
-42515
-42726
-43807
-49237
-44772
-44809
-44957
-45879
-46074
-42197
-38061
-24489
-46840
-59220
-44854
-48195
-48322
-48586
-48720
-49163
-49443
-50369
-343
-50403
-39459
-28643
-50788
-51754
-51827
-52252
-15597
-52724
-52750
-28993
-52896
-53005
-53021
-6234
-53362
-14072
-25392
-20909
-54274
-51055
-54498
-54651
-54697
-27246
-55595
-33181
-37204
-37382
-37937
-56733
-9507
-57112
-57702
-57162
-57191
-36287
-42860
-24169
-50040
-47028
-59083
-59424
-59896
-59938
-20314
-60108
-59153
-60290
-168
-312
-50914
-577
-50501
-1126
-1158
-7025
-50533
-3405
-1588
-10270
-10368
-1737
-35732
-2451
-2460
-8248
-24025
-3259
-3531
-270
-21928
-23548
-30954
-41891
-4623
-4768
-5023
-31269
-5184
-5335
-33281
-4705
-46570
-6820
-7478
-31516
-31892
-48201
-8348
-28373
-48120
-35654
-8908
-8934
-9242
-7894
-9732
-10042
-10060
-286
-10488
-10620
-10750
-52222
-11282
-11386
-11550
-12143
-42875
-15017
-52503
-13576
-12417
-14167
-14424
-26003
-27253
-14772
-14942
-314
-30463
-15629
-15886
-15965
-22178
-16271
-16679
-53147
-16818
-16853
-43148
-53231
-17511
-4594
-44676
-17790
-18182
-18393
-50730
-59483
-19290
-55679
-19401
-19716
-19981
-20395
-45072
-20813
-11984
-56115
-21171
-5938
-21436
-7957
-55235
-21815
-22068
-44852
-21164
-15534
-7549
-23892
-43652
-24013
-24414
-55118
-54402
-24842
-24846
-25516
-25745
-14414
-34917
-3578
-26556
-26574
-26849
-27138
-27184
-34761
-43561
-27924
-28189
-28506
-28756
-29105
-28168
-44214
-29771
-29783
-159
-27237
-30438
-1505
-30902
-53883
-31509
-31517
-14907
-17253
-31867
-32166
-32775
-16130
-19673
-21908
-34275
-46459
-34601
-34720
-34896
-34897
-35064
-28991
-35393
-8541
-34048
-36421
-36573
-40673
-37306
-37317
-37809
-38177
-38230
-52008
-38839
-29261
-2052
-12450
-56088
-39790
-39864
-57008
-40099
-40154
-40475
-58338
-40672
-40973
-40976
-4327
-41070
-41138
-41315
-52199
-52007
-42151
-42251
-37247
-38518
-42530
-42326
-42862
-43387
-43615
-43984
-44156
-41536
-56902
-45202
-45214
-33148
-33245
-46013
-58124
-36684
-39724
-46766
-37995
-58225
-35
-41533
-38076
-30767
-47104
-48219
-41704
-49057
-48475
-43871
-44549
-4406
-49012
-54983
-55039
-56980
-49921
-58163
-50041
-50511
-3077
-49259
-51046
-51254
-53863
-51725
-51767
-9576
-52320
-38922
-52395
-38965
-52568
-53008
-53109
-53350
-54003
-54011
-36320
-55194
-39476
-55573
-19369
-56092
-14503
-25872
-56547
-56549
-59845
-56685
-56828
-19631
-3627
-7733
-19390
-45056
-58179
-2582
-19930
-59420
-59586
-57359
-59986
-60389
-62
-54849
-4981
-997
-6304
-1375
-1453
-4859
-10697
-366
-12566
-2170
-2842
-2937
-2959
-3088
-41402
-15369
-610
-54884
-3577
-3730
-756
-56045
-28565
-52798
-12668
-5788
-5951
-40018
-6172
-6429
-59297
-6793
-21408
-41637
-8118
-42937
-8226
-8362
-18542
-8478
-50910
-8517
-8649
-8970
-15365
-9854
-60351
-10204
-1572
-10535
-35419
-25265
-22051
-11293
-11306
-59839
-11882
-12307
-16538
-40419
-22519
-13793
-22219
-22565
-54594
-14030
-43611
-14541
-14650
-27624
-27841
-14893
-15132
-15198
-15273
-22812
-28850
-16443
-16565
-22990
-43147
-43187
-17144
-13500
-17597
-59416
-3000
-45127
-48404
-16181
-50259
-23346
-18830
-18953
-54401
-19255
-1880
-19287
-19630
-43622
-19852
-8052
-59145
-24182
-20197
-53219
-3823
-58542
-25106
-6330
-10157
-3593
-21802
-44047
-58056
-23321
-23678
-7924
-29548
-24033
-31251
-24454
-21367
-24984
-26583
-45552
-28046
-28051
-43551
-28398
-2585
-54199
-29225
-29251
-43530
-29468
-16429
-34736
-29914
-30028
-30090
-30389
-30452
-56977
-3922
-30922
-5200
-5166
-31295
-15433
-31855
-32140
-45660
-32371
-45715
-55664
-32845
-33189
-16499
-18697
-20305
-34067
-34074
-24399
-25019
-46075
-35547
-33382
-35847
-6069
-36833
-6122
-58837
-35203
-38501
-45322
-41998
-11087
-47142
-42788
-12782
-16595
-43207
-43457
-43478
-11940
-44091
-35160
-44357
-44689
-45090
-34317
-32418
-33063
-45993
-20593
-46174
-46231
-58559
-53612
-47241
-47508
-47760
-47864
-50763
-47961
-48205
-28324
-51684
-51571
-3834
-49218
-59222
-13991
-50378
-50433
-50454
-28608
-51176
-6856
-23159
-53141
-17507
-53369
-8909
-53397
-53559
-2380
-53743
-8395
-54104
-54163
-54192
-55370
-27213
-49340
-54575
-54588
-55047
-57746
-33445
-55946
-56435
-29596
-38871
-40219
-56904
-57561
-13295
-58059
-58468
-58528
-49002
-58598
-1673
-21165
-59163
-59356
-55142
-59648
-60202
-59563
-235
-46118
-268
-584
-660
-156
-885
-1250
-21099
-28984
-10357
-1750
-1859
-10450
-2308
-37716
-2699
-30742
-3094
-3410
-28851
-30918
-4041
-4402
-4466
-27308
-27738
-5112
-5205
-5289
-53765
-25840
-5999
-44797
-51438
-6387
-53446
-31347
-40584
-6882
-7117
-7346
-44885
-7462
-7483
-23471
-7565
-26178
-39615
-8327
-8400
-8509
-9281
-9485
-9773
-31890
-10584
-10676
-5261
-31458
-11297
-11711
-59096
-11981
-12237
-12296
-13101
-13128
-13269
-6215
-13892
-2903
-31913
-50135
-16398
-39207
-17129
-12973
-59312
-17562
-58576
-18085
-32758
-33264
-18363
-33301
-54004
-6897
-19870
-26243
-5395
-21465
-9973
-22174
-22356
-13842
-40828
-22794
-54222
-23393
-23670
-24458
-46652
-24510
-14210
-24977
-14324
-30187
-25958
-26546
-26730
-26912
-26996
-27362
-27609
-28098
-7784
-28408
-28530
-53399
-28808
-47702
-29585
-29901
-24662
-1721
-35346
-3127
-56638
-58157
-31126
-31253
-31322
-6723
-7629
-9590
-31282
-15454
-38724
-32199
-5072
-32548
-51270
-32799
-32843
-32909
-32995
-33027
-33686
-56054
-34361
-34494
-34862
-34991
-21033
-8008
-29422
-18458
-35692
-35929
-36107
-36712
-58935
-33776
-16741
-44546
-37939
-48188
-39525
-16719
-39827
-39970
-32673
-40094
-40209
-47089
-40472
-40587
-40753
-40890
-58133
-57225
-11088
-7458
-41661
-42082
-42109
-42826
-57523
-38961
-8083
-43334
-57611
-43569
-31316
-43801
-44163
-44284
-44394
-44604
-20835
-3587
-45253
-45337
-45523
-45831
-45970
-46037
-1718
-17913
-41013
-47109
-17995
-43287
-47626
-56576
-48447
-50298
-48821
-42648
-55606
-59184
-1262
-50382
-12383
-50631
-31704
-50692
-27066
-5503
-51470
-39529
-52170
-59185
-52952
-53134
-18795
-19528
-53659
-21246
-59435
-59465
-54377
-54677
-54405
-54954
-55037
-29506
-59947
-25083
-56134
-58055
-36552
-19546
-37906
-56745
-56869
-57013
-40146
-57065
-57186
-57421
-39809
-57977
-58129
-46959
-58950
-59076
-59260
-6744
-59372
-54450
-59509
-54617
-60316
-59861
-59881
-24686
-44472
-37751
-329
-26596
-120
-25828
-1085
-1168
-15540
-2680
-31100
-3256
-3319
-3566
-3691
-23012
-3810
-4376
-41100
-4709
-18277
-5266
-5559
-39361
-5846
-6396
-1103
-1185
-6821
-6877
-6913
-17380
-21374
-47797
-7803
-8233
-8680
-53387
-9058
-9523
-42103
-5820
-3585
-10820
-10936
-11013
-10022
-1909
-8978
-11295
-22266
-12337
-55022
-13510
-13726
-14038
-34702
-44787
-14486
-14665
-15144
-2587
-15656
-16847
-23756
-29792
-29444
-31496
-16717
-42534
-2884
-5902
-210
-44145
-18376
-23323
-58994
-54997
-50121
-53475
-19152
-19531
-24816
-59603
-23602
-20453
-50423
-21470
-2511
-31382
-22911
-23673
-21911
-23918
-36334
-24257
-9712
-24533
-24836
-25266
-4182
-25505
-31625
-33075
-25747
-37530
-26239
-26343
-38670
-46549
-27129
-42305
-27306
-27448
-28159
-49734
-28575
-28679
-44553
-28773
-28902
-28915
-28929
-28994
-29315
-29368
-4877
-29823
-30886
-4173
-45455
-31642
-5365
-8234
-32557
-14812
-32893
-33076
-15553
-33493
-33601
-33692
-33972
-55472
-34081
-34390
-34391
-34417
-16102
-31047
-35580
-57220
-34808
-22301
-26262
-55157
-36430
-36699
-36718
-36855
-44506
-37969
-22832
-47745
-26628
-38361
-38396
-38700
-38768
-6468
-39507
-39544
-17823
-27196
-26373
-49282
-40178
-3236
-39514
-49765
-6645
-9064
-45938
-42814
-16080
-18718
-19175
-43620
-43681
-27671
-23798
-24514
-44432
-44514
-57470
-45038
-45074
-7537
-49614
-41435
-15589
-50087
-47301
-47388
-47560
-44355
-45443
-48337
-48427
-50272
-48986
-49226
-49250
-33570
-26723
-59082
-58954
-4275
-7083
-51914
-52204
-52388
-12356
-52591
-9539
-53604
-53737
-58291
-21847
-46865
-54365
-24477
-54552
-29266
-25997
-29145
-55388
-45402
-56117
-56573
-9630
-57812
-29838
-57998
-58077
-9898
-58355
-58785
-50941
-51151
-59012
-59418
-54135
-56543
-60065
-60422
-20
-1768
-3305
-799
-5759
-1814
-50650
-2004
-16503
-2928
-14163
-3093
-3293
-30889
-43916
-4525
-51145
-1282
-4618
-5398
-5582
-5597
-6230
-18743
-55070
-6850
-42929
-56415
-51669
-7821
-8245
-8311
-23964
-4846
-8952
-9217
-56779
-26835
-9672
-52005
-870
-40020
-10140
-54776
-11824
-10536
-10571
-10832
-11322
-54029
-36887
-11900
-39568
-42580
-12134
-12267
-12470
-29790
-12503
-30407
-12765
-52507
-13067
-13083
-13151
-13344
-27570
-13448
-20152
-13874
-24819
-52739
-14440
-12514
-3562
-629
-14940
-32667
-15907
-52999
-16011
-51752
-59669
-43516
-44360
-49620
-18510
-18677
-18926
-38041
-55165
-19572
-19832
-52368
-20456
-20902
-21221
-21272
-32269
-54016
-14413
-22685
-22757
-22792
-15600
-13930
-13962
-24093
-14191
-24992
-25312
-25748
-54641
-25894
-25918
-7724
-14066
-37261
-26158
-48162
-38428
-41943
-53790
-28173
-28619
-31239
-11056
-14973
-53631
-12318
-29256
-13673
-55295
-30035
-42502
-30329
-516
-30347
-30477
-30762
-30904
-4913
-31350
-7444
-31654
-31812
-2076
-32033
-32076
-33034
-33055
-13797
-19391
-33506
-22420
-23594
-35926
-34599
-35087
-51234
-35369
-39335
-35516
-35521
-22414
-24290
-53375
-35826
-55170
-3182
-36545
-38282
-36759
-44283
-16309
-37529
-37633
-8066
-37730
-47338
-56786
-16567
-39240
-39522
-39601
-16750
-40021
-40042
-55812
-40481
-58510
-40977
-35592
-41351
-5690
-57326
-42041
-44005
-20590
-13375
-42695
-42865
-15760
-16914
-17321
-43493
-37465
-43781
-31544
-44045
-44152
-44175
-17522
-44682
-26454
-4073
-44994
-45314
-45557
-29284
-18897
-46208
-35708
-46402
-5572
-47544
-48247
-48331
-5828
-18269
-38341
-15095
-49357
-38444
-49713
-49808
-57310
-49854
-49922
-35981
-1416
-50688
-2322
-38637
-50803
-50878
-51005
-4086
-51368
-36511
-51837
-52372
-52418
-18875
-60221
-53073
-53095
-53339
-59339
-39125
-19034
-53651
-53850
-59427
-50059
-28086
-56066
-56352
-59811
-38647
-56812
-4515
-5082
-57177
-19629
-47684
-17574
-15785
-57593
-57758
-11905
-59392
-40119
-60314
-57474
-45775
-59693
-30064
-3112
-748
-4738
-20505
-1092
-1265
-1447
-45143
-2163
-56213
-37892
-20612
-14943
-16613
-17710
-3185
-19758
-35465
-3722
-3857
-4000
-4027
-27886
-4082
-4243
-26440
-4441
-4516
-4979
-5052
-17388
-6586
-6705
-7377
-7459
-7551
-45930
-7850
-8218
-8288
-8372
-9071
-9414
-9471
-41952
-59201
-10189
-10194
-44934
-42039
-1786
-10583
-42106
-10805
-34270
-11778
-19747
-12607
-12626
-38081
-171
-27189
-16864
-25591
-57085
-41326
-15238
-20919
-25443
-15915
-35329
-16065
-40135
-17233
-31490
-18211
-49789
-18426
-18729
-19069
-19174
-19774
-19782
-58139
-3323
-20027
-23572
-20474
-37142
-2881
-2904
-21026
-10851
-21128
-23802
-7637
-25990
-32015
-21848
-28614
-21995
-11296
-22457
-24003
-22592
-48183
-4887
-5006
-23697
-1878
-24261
-24555
-26085
-24908
-29027
-25110
-27915
-24090
-25572
-26351
-26398
-26600
-7235
-4481
-42030
-42932
-28521
-28829
-6264
-5326
-25082
-29470
-29744
-22897
-57612
-25241
-30198
-30288
-30636
-30931
-30998
-9689
-31529
-31896
-32038
-32328
-32416
-32732
-32902
-33263
-31809
-41524
-24614
-8974
-34734
-34931
-34953
-35538
-35687
-33150
-40797
-34516
-35975
-55583
-24156
-46417
-37179
-37410
-37627
-38301
-38359
-50535
-37243
-39113
-33577
-39445
-39574
-6607
-31120
-49602
-40722
-40837
-40993
-41079
-27175
-24157
-42154
-42415
-15036
-42935
-7226
-43824
-21912
-44320
-47630
-26352
-45139
-27737
-17973
-45395
-21762
-391
-43995
-45865
-46008
-46163
-46438
-46516
-46767
-46791
-47048
-47200
-42461
-43888
-54353
-49928
-44048
-48667
-42152
-48707
-49591
-34293
-30073
-58472
-58928
-20466
-2065
-50785
-50815
-50887
-51486
-20768
-11886
-11258
-52361
-26636
-53078
-53107
-53653
-5468
-54219
-54378
-21798
-55244
-30030
-55528
-55560
-17994
-57689
-57738
-57819
-57854
-45620
-29892
-58489
-50937
-380
-59095
-52981
-53314
-30153
-890
-13115
-37263
-1753
-1966
-2136
-2590
-2595
-2631
-16890
-10728
-2858
-2944
-3261
-30808
-4097
-4521
-4559
-4579
-4644
-4725
-43456
-5671
-48526
-51113
-6327
-22287
-14068
-6998
-10263
-7392
-51604
-7604
-51659
-22831
-49637
-8418
-8820
-8963
-54895
-28784
-9549
-11253
-11333
-8883
-28113
-13818
-13956
-52689
-14435
-637
-14832
-14905
-28921
-15097
-58348
-15410
-18732
-15514
-15555
-15970
-32968
-16449
-12868
-17034
-42357
-17361
-17786
-18102
-18895
-13638
-24888
-19413
-19487
-19525
-32462
-57797
-39776
-45190
-33595
-20217
-20226
-20391
-57595
-33853
-21959
-53546
-21391
-33807
-23097
-18320
-25946
-23534
-49470
-21101
-24095
-24303
-49256
-38933
-26066
-24890
-28154
-38187
-25362
-25436
-36014
-26273
-48087
-26369
-26477
-28108
-54592
-50441
-52926
-29174
-53641
-59226
-55379
-30321
-52483
-30617
-30660
-30828
-24799
-4125
-31854
-37752
-34612
-15059
-44951
-33144
-17503
-19293
-21612
-33855
-34075
-34777
-34960
-36049
-35010
-12348
-35151
-19484
-35618
-35671
-35698
-16110
-47466
-16157
-36474
-36543
-36668
-37089
-35623
-16303
-37235
-37454
-37506
-36488
-37640
-56660
-48150
-38836
-38873
-56841
-24860
-39056
-39675
-46706
-39852
-7077
-31697
-41489
-41711
-35831
-39829
-38831
-53489
-21514
-43061
-43174
-23233
-11166
-44088
-29237
-44384
-44499
-26925
-6874
-52860
-45362
-17686
-17726
-45803
-46400
-32295
-46575
-9348
-47036
-47065
-3811
-47419
-44591
-6098
-48132
-48345
-48523
-2809
-49155
-49440
-49460
-49541
-38539
-1783
-4241
-51281
-33838
-52681
-52686
-14170
-18911
-16843
-17657
-53556
-53572
-53684
-19932
-54434
-38299
-28690
-55233
-30620
-32249
-44948
-32811
-56231
-56239
-56407
-50524
-19577
-56963
-57021
-57250
-31289
-57790
-57801
-58238
-58353
-60320
-58617
-658
-58854
-59049
-59313
-19264
-22109
-60073
-60194
-60358
-42
-184
-364
-760
-5028
-1059
-6283
-1164
-1300
-1363
-1465
-33951
-1587
-41810
-2719
-3559
-55288
-3619
-23980
-25102
-4260
-25943
-26500
-4506
-4542
-20992
-4857
-30882
-5837
-36118
-6017
-23037
-31441
-6160
-6217
-6774
-6949
-29807
-20666
-7323
-7334
-31632
-7422
-7548
-7588
-7676
-47068
-8024
-8034
-7962
-42291
-8582
-52227
-8884
-9088
-6815
-23844
-9301
-9790
-9795
-1060
-10307
-27765
-10485
-36268
-10702
-10763
-3719
-47376
-11525
-11670
-50663
-37745
-52705
-11796
-12012
-2956
-12586
-15938
-12807
-55577
-12591
-18270
-18365
-13784
-22535
-22673
-7163
-25293
-14406
-14567
-5221
-15191
-31341
-31377
-22797
-15593
-36398
-16588
-16947
-17016
-43250
-17581
-23227
-18118
-18507
-18649
-23345
-8961
-52489
-18957
-19148
-26833
-59084
-2012
-20381
-3542
-21337
-12927
-14997
-1011
-40044
-23474
-31280
-23875
-40747
-20553
-24467
-55770
-4085
-24968
-25221
-53067
-30507
-25334
-25585
-11590
-25992
-38159
-1934
-27394
-23453
-28084
-45438
-28224
-45119
-29642
-45250
-29795
-599
-1277
-13676
-21501
-8479
-5292
-5331
-25604
-12846
-32326
-32597
-32840
-25759
-33330
-33418
-42661
-19257
-26706
-48478
-25675
-34812
-31541
-28499
-35420
-55198
-36021
-36144
-31432
-36576
-6352
-36829
-9723
-37301
-30350
-31213
-37888
-46962
-48684
-26647
-49383
-38708
-39226
-55153
-39498
-39501
-39594
-5838
-60153
-40434
-40773
-12880
-12446
-27089
-7622
-42147
-17891
-6995
-42318
-42523
-43284
-42140
-22135
-43397
-43445
-21962
-43988
-23866
-44489
-44495
-44535
-16886
-5770
-44977
-12419
-45652
-56081
-45761
-45955
-34259
-46140
-46336
-46357
-46448
-46458
-46551
-56386
-5012
-47386
-40226
-47457
-47564
-48238
-45678
-48261
-48334
-48714
-4289
-19522
-24437
-49684
-50002
-50023
-8337
-50107
-50719
-50729
-3174
-50948
-48724
-5977
-51378
-52055
-48928
-52107
-7294
-50569
-52557
-52617
-52725
-52780
-51347
-53892
-55163
-30927
-33202
-55994
-45751
-56224
-49628
-10703
-49924
-56720
-7931
-57193
-57357
-57990
-53313
-58671
-43068
-59175
-52961
-9934
-59806
-57069
-60142
-60282
-49091
-233
-519
-589
-15956
-908
-40646
-1108
-39449
-2063
-43639
-2489
-2530
-2764
-3262
-3694
-31283
-3827
-4078
-4150
-4343
-2089
-4933
-32233
-5349
-5804
-35998
-12459
-31215
-6603
-41444
-7013
-44316
-8544
-7923
-39531
-31572
-8084
-7744
-51749
-58843
-11371
-8912
-8941
-9002
-28518
-26891
-30375
-57060
-9685
-9719
-9764
-51277
-10500
-33341
-29152
-10948
-29339
-9308
-46018
-11269
-12057
-12108
-3866
-15241
-41472
-24595
-2304
-13283
-13442
-20117
-22811
-13802
-13868
-13885
-14063
-14252
-14868
-25300
-15344
-27097
-38975
-15755
-16298
-58459
-38502
-16694
-16844
-21018
-17103
-17221
-26658
-17498
-33174
-17918
-18315
-49277
-18776
-27804
-19384
-33519
-20388
-11535
-21047
-21068
-21178
-13671
-11020
-21726
-22148
-33922
-58744
-22455
-13382
-54081
-25848
-23129
-33399
-25228
-23562
-23653
-23929
-24073
-25174
-51909
-34394
-30671
-40290
-40807
-26354
-24438
-26463
-17527
-54847
-27180
-27259
-54897
-22344
-28746
-28764
-22709
-54992
-55105
-29457
-29754
-37199
-37013
-48218
-30163
-30241
-30385
-14344
-31128
-31181
-33223
-31368
-6912
-31489
-31563
-2966
-31951
-55790
-12957
-37168
-16584
-17145
-34224
-5358
-34894
-35009
-1264
-35316
-35527
-11475
-16145
-36449
-36313
-39124
-50214
-48193
-54808
-3338
-38506
-38553
-2206
-38814
-52299
-54272
-16654
-57146
-58255
-43683
-3228
-16505
-41158
-41181
-41539
-41767
-20617
-42213
-37279
-13531
-45891
-16114
-43109
-43261
-43471
-43608
-43664
-43978
-44393
-17563
-45550
-45553
-32118
-36498
-33340
-45942
-46057
-46086
-23070
-37907
-46478
-46817
-19006
-42674
-33734
-43358
-47778
-48189
-48875
-48416
-48608
-48642
-50662
-52047
-53094
-50157
-56984
-60105
-18522
-4169
-51085
-5059
-13313
-51559
-536
-51693
-51780
-7167
-37821
-18768
-42465
-46515
-52765
-15339
-52994
-54059
-42798
-54585
-11340
-55285
-55440
-55473
-34120
-35114
-56104
-35289
-56395
-51762
-57737
-56905
-43119
-57546
-28557
-45276
-45500
-58702
-58948
-30215
-26635
-60148
-60436
-33558
-1468
-275
-26264
-25047
-1637
-2002
-13011
-2202
-2434
-13682
-17528
-3200
-3607
-3675
-662
-3783
-4489
-29810
-5579
-22737
-5786
-5835
-41305
-56249
-42427
-43619
-7380
-7813
-7932
-8113
-34117
-51668
-28325
-8879
-53346
-32880
-9543
-10304
-10613
-10762
-23580
-22113
-7728
-11518
-11625
-24322
-11832
-37229
-12214
-57038
-15474
-15583
-12682
-47400
-13024
-13346
-29757
-44031
-14011
-24944
-14550
-14747
-29081
-15803
-16089
-16466
-16471
-3647
-16710
-2817
-16925
-17255
-17430
-2921
-17946
-23295
-18568
-5442
-8212
-40641
-19285
-19931
-20071
-43693
-8979
-23693
-3622
-43794
-21274
-8051
-21560
-11405
-22319
-22367
-44107
-22860
-22872
-22984
-23223
-44277
-41468
-6035
-24389
-24486
-24546
-1951
-25076
-25175
-49838
-25629
-4239
-25863
-26105
-26165
-38986
-26898
-26983
-27555
-24857
-28008
-48705
-28386
-49912
-28951
-29055
-29344
-55465
-56176
-29588
-56676
-8946
-31084
-25426
-6459
-6689
-31643
-25517
-1810
-31971
-32039
-32167
-32268
-32280
-32347
-5407
-15570
-54634
-33300
-18588
-25788
-27974
-39422
-51435
-33541
-33626
-33768
-33808
-33959
-34043
-35387
-25979
-34525
-6241
-42856
-9347
-36769
-37015
-43367
-35837
-38131
-26672
-39803
-39990
-51051
-40105
-40147
-40319
-666
-16295
-41008
-4548
-4639
-41187
-52680
-41360
-6314
-6412
-41739
-42307
-1446
-43477
-43593
-44080
-44116
-44500
-44757
-20491
-45051
-45053
-45069
-30353
-56650
-31954
-45642
-46317
-56932
-27937
-46901
-46940
-47085
-47126
-47145
-28095
-43945
-47734
-46615
-48004
-41252
-48154
-48270
-43476
-8202
-23665
-28312
-48798
-12188
-53541
-18388
-14329
-50325
-8408
-50857
-50882
-3469
-51065
-51769
-52147
-47399
-17114
-21220
-16211
-54223
-54899
-55143
-55215
-9257
-55598
-55601
-14783
-39042
-56508
-56579
-44115
-50004
-40403
-58050
-49939
-58160
-42887
-39098
-58910
-59719
-59785
-59824
-59905
-59991
-10047
-30213
-7408
-294
-52281
-552
-1019
-1046
-26234
-28568
-36538
-1467
-29650
-42188
-1900
-1961
-1970
-43390
-2607
-16266
-2720
-2751
-2865
-3415
-3520
-3793
-3824
-54843
-178
-4248
-4580
-4614
-29538
-5085
-15916
-34864
-5459
-5637
-11115
-11311
-32171
-6487
-6576
-6591
-11238
-27152
-7590
-8026
-21244
-33092
-53455
-9049
-54838
-36390
-9629
-9699
-10028
-10216
-19425
-2815
-11168
-6566
-11213
-11270
-7370
-11558
-11609
-12071
-12121
-12398
-13074
-13257
-13296
-20040
-31594
-13979
-38586
-52699
-22037
-14717
-14988
-12601
-8037
-15099
-15257
-53993
-15638
-15657
-16097
-16279
-16781
-40363
-26338
-13062
-18060
-18077
-18094
-47915
-8073
-18250
-58097
-5490
-33329
-51865
-19123
-21846
-19707
-33562
-20051
-60420
-1578
-1843
-20572
-20629
-3020
-3064
-8336
-29583
-6398
-21559
-21645
-9272
-22143
-1358
-54906
-22634
-34023
-4079
-23436
-34153
-23838
-48632
-39756
-41914
-24601
-11757
-19846
-25369
-54610
-25864
-34133
-55731
-14528
-54760
-26528
-39526
-27905
-27842
-46493
-50676
-28374
-28496
-28570
-28621
-29125
-29720
-55389
-48093
-30099
-55372
-40329
-30763
-11276
-4156
-55523
-31397
-35459
-31694
-30423
-57406
-58999
-33592
-33666
-42881
-42645
-34530
-27002
-58192
-35028
-35357
-44162
-34604
-37818
-36565
-29493
-38579
-38906
-39060
-39166
-36223
-56531
-39673
-45106
-40281
-29706
-3184
-5919
-41530
-41573
-7920
-41696
-41873
-9598
-9809
-41723
-42354
-42476
-37843
-4952
-57489
-37310
-42970
-57585
-38289
-44182
-44295
-44390
-6135
-44536
-44712
-15046
-17578
-45014
-45036
-45633
-45871
-3705
-47161
-47412
-58334
-47827
-44548
-48515
-50514
-49212
-55476
-56316
-7190
-49955
-7631
-46104
-50909
-26174
-37959
-51569
-48376
-51881
-9221
-52124
-13963
-52430
-52647
-30801
-18267
-53723
-53845
-49885
-54290
-24005
-39291
-54549
-54834
-10592
-55015
-18751
-55747
-19442
-56122
-56349
-36479
-56821
-9450
-56840
-12460
-19700
-58507
-59069
-59072
-59119
-59764
-480
-2701
-30183
-16545
-4652
-897
-9219
-289
-1734
-500
-2472
-2601
-3145
-5229
-3653
-4057
-4096
-4285
-4577
-31996
-37052
-5732
-5812
-5848
-11831
-9666
-6510
-7147
-7246
-21735
-37522
-7446
-7670
-1309
-7679
-7707
-8002
-1404
-8249
-41697
-8410
-8521
-59887
-9007
-29620
-9185
-9241
-9383
-9667
-9812
-10067
-19186
-10907
-11076
-11290
-8056
-4772
-11823
-26993
-12576
-12771
-12830
-13366
-13417
-13634
-35395
-22521
-22596
-25775
-53328
-1329
-37702
-60291
-42400
-30262
-42921
-15812
-36342
-16463
-53172
-17336
-34748
-48020
-18355
-11102
-19392
-57843
-20335
-23619
-2648
-11936
-22283
-34262
-22613
-15966
-23025
-55147
-58764
-23807
-45364
-24377
-11544
-54978
-29539
-25346
-25390
-25690
-33134
-44606
-26319
-32874
-59848
-26855
-42398
-45293
-47889
-27946
-56908
-28334
-49326
-28587
-54030
-29292
-56797
-42785
-38934
-56930
-58982
-30412
-45360
-39097
-30829
-5134
-32009
-45659
-60380
-15926
-31830
-33685
-21781
-33931
-33971
-23608
-34226
-58315
-46012
-5985
-35044
-35156
-29984
-30306
-35327
-6200
-46241
-1179
-36537
-36606
-26357
-5973
-39799
-36856
-37014
-37152
-36212
-38190
-52033
-25889
-41141
-38453
-38815
-39055
-39563
-39771
-60068
-50581
-5952
-27025
-41164
-41320
-25372
-8421
-41852
-41936
-58454
-42014
-15665
-27402
-43413
-43952
-26393
-44245
-44638
-31533
-45219
-23692
-7649
-47884
-47393
-47496
-16755
-47801
-48311
-48550
-48762
-48942
-16903
-49463
-56259
-16476
-36136
-50159
-50203
-50527
-50611
-11584
-3159
-50958
-48730
-4113
-43070
-51548
-55920
-9377
-20820
-1484
-52516
-52638
-55949
-22554
-29818
-52661
-49248
-54139
-54209
-23861
-54383
-55561
-34189
-56265
-56458
-37902
-56871
-22591
-57229
-57308
-57431
-57533
-45563
-58025
-58140
-58392
-29206
-58712
-58783
-58809
-26847
-59053
-59224
-9930
-5890
-300
-581
-15625
-22202
-1671
-1884
-2204
-2350
-20173
-36803
-15599
-2642
-23459
-3245
-3356
-3995
-59864
-4345
-4586
-4684
-11895
-5147
-5852
-5355
-11106
-6097
-6228
-6840
-14640
-7528
-7612
-8228
-8704
-8787
-11572
-27325
-11688
-9551
-38661
-59872
-10182
-10388
-10509
-10811
-32072
-53621
-5628
-11716
-32234
-15104
-12614
-50822
-13004
-17779
-3856
-13560
-44334
-12411
-38869
-14107
-14129
-30297
-14374
-25829
-14677
-52806
-14885
-38245
-30687
-15375
-15382
-15918
-16316
-53096
-16989
-17187
-17465
-17469
-17555
-17569
-17772
-53305
-14653
-13198
-50463
-18550
-12580
-13239
-18887
-19070
-19115
-19772
-58175
-20055
-372
-13493
-20324
-6493
-21532
-21748
-21749
-9994
-21954
-22191
-12130
-22272
-23567
-18222
-27403
-13452
-23952
-5659
-14147
-31897
-24494
-25128
-14353
-25544
-25623
-25789
-26231
-26299
-24503
-2822
-37884
-26817
-14685
-27518
-45013
-49434
-21134
-45239
-15023
-29485
-7181
-29936
-30025
-30093
-30443
-30446
-55422
-30545
-30675
-51224
-30991
-31336
-6767
-7668
-39348
-53553
-35579
-13804
-32552
-32828
-33078
-33139
-33415
-19444
-49376
-20760
-33657
-23344
-30646
-34797
-27691
-34834
-26670
-60467
-35228
-28485
-35266
-35434
-23498
-39609
-35825
-36043
-36060
-37352
-8429
-37183
-6032
-16331
-51714
-44603
-37859
-37896
-38088
-57057
-48916
-38656
-38707
-38987
-39510
-41611
-1285
-41075
-41667
-41674
-41839
-41978
-42159
-14977
-42941
-20258
-37898
-44259
-37570
-44867
-18731
-57908
-29492
-45374
-45607
-27702
-46614
-46761
-46797
-16868
-46957
-47106
-47180
-32736
-47433
-39280
-44875
-46149
-52220
-49624
-48541
-38285
-52704
-50119
-58740
-1795
-50847
-2574
-51038
-51137
-51165
-6601
-7965
-51848
-9858
-18543
-52148
-52579
-8981
-15507
-53240
-17711
-18399
-18465
-53794
-22821
-36609
-11236
-39362
-28910
-46225
-55454
-28480
-56362
-19400
-38753
-39561
-53871
-56603
-37944
-57267
-44792
-9953
-48439
-59036
-59749
-40212
