10396
45
275
58
60
23075
70
73
74
82
83
89
95
572
100
107
109
110
111
119
121
125
17350
49167
19586
175
17356
187
191
197
1312
227
238
247
43245
262
269
1598
283
1652
296
1725
315
320
1888
26021
346
352
361
364
365
368
50134
8618
10702
390
26033
398
408
409
427
430
432
433
448
15181
460
463
477
490
491
498
503
40983
3028
507
8639
3068
510
523
48309
536
3268
551
559
36512
582
3485
585
587
588
3547
604
626
3846
635
636
640
641
49008
647
26080
658
660
4032
668
672
41929
693
34813
716
718
723
725
34818
741
43680
4420
37291
765
17448
4481
4525
793
800
821
826
827
831
39008
30996
34835
8698
4940
847
4985
863
865
869
878
38522
34847
902
907
911
43346
923
925
928
5432
949
5607
969
978
985
987
1011
1017
747
1021
1024
1034
1039
1045
1050
1053
1064
46457
178
1090
1096
1098
1104
1106
1110
1114
1115
1121
1126
1128
1141
1142
6630
6651
1159
1165
1168
1172
6839
1179
1203
1207
36733
19500
1223
7115
1229
7140
34900
7238
1259
1260
1262
43407
1274
1281
1289
2314
7539
1307
7613
48880
1321
1322
1327
8780
27925
1346
12502
6298
1392
46611
26195
5199
8256
1418
1420
34127
1450
1454
1455
1460
1465
1468
1478
1504
1505
258
1519
17573
1528
1538
1539
1540
43463
34819
26805
9184
1555
27169
1584
1597
13707
1601
1604
9512
1611
1612
1615
1617
1618
1631
1635
1640
9686
9711
17599
1663
1667
17602
1696
1699
2895
1708
1711
1712
1713
10100
10119
10199
1741
10311
8863
8865
1774
1778
1780
1782
1791
1800
1817
1823
1824
1836
1843
1844
28006
8882
11035
1861
1863
1870
8883
1876
1879
11185
1893
6209
12505
1912
1915
1922
1951
1952
1967
1976
1986
1990
2008
2012
2016
2017
2028
353
2047
2057
2060
2069
12284
12364
2085
2100
2104
2116
2121
2122
23576
2134
2165
35054
12856
12862
2174
2182
2183
2186
2342
11110
2224
2234
2243
2247
2248
18235
2253
2255
2260
2264
26342
35665
2285
6773
2286
2293
2294
2296
13660
17704
39970
35077
7714
2331
13889
2335
2337
2347
13981
35083
32538
2358
2367
8960
2380
2381
35259
2404
2411
2418
2419
2420
2426
2428
43257
14444
2432
26374
3553
2445
2446
2452
11887
2460
14657
14688
19386
43636
2504
45728
15054
15076
38404
8987
19389
2542
2552
2557
2562
2569
2580
2584
2590
2591
15553
2599
15583
2605
2608
2615
26404
2621
21486
17766
2643
15875
2654
2664
2672
2674
2687
2701
2714
24513
2719
35136
4638
2722
2734
2735
2762
16592
2771
34348
16796
17792
2798
2811
2818
2822
35156
17029
11130
2842
2847
2854
17212
17221
17999
2862
2864
2869
34772
20948
17341
44623
2880
43714
17405
2889
17466
25962
19023
2908
2913
13669
2935
2940
2951
2953
25707
17861
2969
13657
2977
3007
3009
9081
3017
3026
3049
3050
3062
3064
18544
3067
3070
3073
3076
18630
3086
44474
18746
4881
3126
3134
30254
529
3159
3165
3180
35224
9113
3191
3198
3216
9117
3223
49044
37876
19600
38339
3246
3257
19747
19796
3272
24608
43779
3297
45862
3303
3305
46878
3308
3313
3318
3325
3327
43785
3330
3335
38029
3347
3349
3352
562
3369
20415
20433
20514
3388
35250
3405
3408
3409
46201
3437
3440
3443
20984
3454
29608
21110
3469
3472
3481
3484
33036
3496
3505
21388
3516
32764
3521
3522
3525
3531
3532
3534
3543
3546
3555
3556
3564
3566
3574
12647
21859
21889
3606
3607
3612
3637
31052
18175
3652
3661
3668
3677
3694
22480
5287
3708
3709
3716
3719
3722
3727
3733
3739
22685
3757
22901
3788
26600
22962
3797
3803
26602
25810
23033
3820
3831
23168
33336
3844
23314
3862
23415
3867
43873
26614
3878
3884
3907
23695
3916
3925
35338
18469
23824
3942
23880
23966
3959
24042
24049
36427
3982
3983
3984
3987
3992
4000
4004
4006
26637
4008
4009
6994
4012
4025
4029
4043
4048
4067
4071
24725
4097
4109
4111
23781
25004
4126
4127
4129
4140
4149
25216
9532
4164
4169
4183
25553
4209
4213
25579
4225
4232
7228
4240
4242
42796
4244
4248
4250
4260
4269
721
4279
25969
31670
4291
4296
4297
4299
4304
4317
4320
4322
4343
735
4346
4347
4361
26439
4366
742
4377
39781
26563
26601
4400
4407
26664
4421
26735
4424
4435
4465
4488
4489
4490
4493
4494
4498
49315
4523
50163
4547
4549
4551
4574
4576
4582
26734
4598
26737
4610
4612
4619
4621
4634
28125
28149
16109
4684
4689
4691
26751
4694
4700
28498
28526
4718
4720
4726
4732
4741
4742
28741
7523
4751
4753
33913
4757
36946
4759
4762
820
9379
9948
12196
49203
26765
4785
29001
9383
40800
4799
4804
42990
29127
4810
32227
4812
29141
18133
4822
4823
4824
1936
4842
4850
4856
4866
4869
4870
4872
4884
4907
29731
4913
4917
4826
29864
4962
4969
4979
4981
4984
30259
5008
5011
26798
5019
5034
9428
5045
5046
5047
5049
5052
5053
5060
33262
30685
5081
5084
36544
41473
5110
5111
43649
5131
26818
14067
31057
5139
5140
5144
1533
5147
31124
44095
5156
5159
5161
5165
5168
5178
4195
5186
18187
17593
5195
31473
5202
27841
5209
5216
35531
5230
32131
12906
5290
5293
41481
32140
5306
5307
5317
5318
5333
5374
35245
5384
5385
5388
5391
5394
5409
5410
5415
44139
9494
5452
5458
18238
5460
5461
5462
5464
5475
35575
5479
5482
5485
5486
5488
5495
5497
5507
5537
33690
15959
5556
5574
5578
44297
5585
5592
5608
34065
5614
5641
5654
5655
974
34371
9526
5691
28344
34612
49596
5717
36997
5728
5729
5739
34744
34780
30689
5750
29792
5754
992
5767
14796
50151
5780
5781
5789
5790
5797
5801
44201
5806
5815
5816
5828
5839
5843
5850
5854
35521
5858
5865
14015
5876
5878
35678
5883
5892
5896
35648
35873
5920
5924
5948
36092
5969
5978
5983
5988
23405
6000
6003
26973
6014
6020
36445
36698
6062
35676
6084
6088
40916
3746
6099
6100
6110
6114
6118
6119
13716
9595
6139
6144
6146
6163
6166
6167
6176
12727
6195
8189
6212
6216
6218
6220
6226
6229
6241
6255
6261
6262
18398
6272
6278
6300
38216
1211
38341
6327
6330
38476
6339
6344
38586
9645
6358
6365
6373
38806
6418
6420
6422
6440
39029
6449
6455
6458
6464
6476
6479
18429
6487
6491
6495
6503
6506
6512
6515
6520
39476
6536
6545
6551
18441
6558
6563
6567
40594
6583
6595
6600
6602
39987
10034
6614
35758
37467
40102
6643
1152
6670
12814
32705
6698
40580
33377
40623
6724
6725
6746
6755
39814
6769
39985
6783
6793
41135
6811
6817
6831
41285
41344
6845
6851
1181
41467
6879
6893
6896
6903
6908
6910
6926
6940
6950
6953
42070
6960
6964
6966
6969
6970
27126
44415
42412
1204
18237
7017
7019
35840
7028
7029
7030
7040
7070
7072
18526
4088
7076
7088
18530
7105
43110
7113
18533
7118
7126
7128
43230
7132
7134
7137
7139
43327
7146
7148
9768
21711
9771
7176
7178
34817
9231
7184
29227
6342
7226
7236
18557
31492
18561
44183
17189
7269
7273
7275
7328
7279
44338
7300
7311
23414
7334
7338
29114
44637
44652
7366
32927
1282
13282
27188
44912
7401
7425
7434
7435
7456
7457
7459
7461
7468
7476
7478
7482
37934
7491
13689
7499
7501
7502
44496
19971
7506
9827
3125
45748
45786
7546
44505
7563
32195
7568
2382
7580
46012
7584
7596
7599
46141
7609
47950
46355
7636
7641
7642
18620
45245
44523
7668
7675
7682
46681
46689
7701
7717
7719
6597
7733
46858
7735
46643
7745
9860
7751
47026
7761
7773
7774
27258
7789
47222
38796
7797
25974
47350
7816
7829
44838
38318
7849
7860
1350
7875
47711
7881
27433
7884
7890
7897
26090
7903
7908
7917
48057
7928
1364
48134
7945
7947
7949
7950
7951
7955
33551
7972
7975
26709
7990
7998
48502
8017
48606
48647
18679
11168
8046
8055
40033
49025
8093
8110
49178
49198
37233
8131
15426
8139
8149
8153
8157
48897
8175
8179
8192
8193
8200
9941
49735
8213
8222
8223
8239
8248
18713
8261
8272
8283
8286
8297
8302
8313
46515
8329
8333
8338
8345
44640
8349
8351
8356
50720
4069
8375
8403
8411
8413
13208
8415
50995
8605
8428
1441
8442
43652
8459
8469
8472
8478
8493
8496
51575
51625
8523
8524
8526
8540
8543
6727
51908
27
8561
130
8575
27391
8585
8598
324
10004
8619
8621
8624
8627
29183
23384
8636
13967
8646
8658
10680
696
713
8680
758
782
8691
8694
8697
28867
8703
27416
8710
6349
970
8729
8735
8739
1107
1113
27423
1493
29307
8758
1368
8219
8792
8795
1405
8801
8810
8819
8828
8835
8858
8860
8866
8877
8880
1880
8900
50286
8916
8925
8927
8932
8938
8943
8949
2329
8954
8955
2379
8966
44729
8971
8990
8992
8999
25573
2695
9019
9020
9026
6607
9045
9047
35877
9055
9060
9068
9077
49766
9089
9092
9105
9150
3400
9168
44033
9175
3557
44668
10445
9201
9202
9208
9210
9215
9220
9221
9240
9244
9245
9260
9268
38654
44771
4107
9279
9283
9284
9288
9294
49265
9300
9303
9308
9323
9324
9325
9328
9331
9334
43999
9346
9347
4583
9351
4658
9364
4712
20835
33987
9376
9381
4789
32224
9395
46459
9420
27527
9431
27585
5115
9471
9472
18910
9480
9484
9491
1424
9495
9496
9498
12236
24414
9504
9505
9507
9515
9518
5632
9525
5675
9540
9542
9543
9544
24742
9553
9557
9559
5910
9573
9590
6136
9597
6993
6179
9607
9609
9614
9615
9616
9617
9627
9628
9639
9643
9648
18943
9656
4644
9667
9671
37661
9687
9710
9714
17249
9730
9733
9743
9746
9747
9751
9758
1659
7157
7173
9775
17787
49146
9785
35882
9799
9803
7408
9813
23694
9825
7541
9833
9842
8552
9849
9865
9870
9879
9882
9883
9884
9889
9892
7971
9906
31066
8011
9909
9914
9917
9921
9925
9940
12323
9956
18430
10222
8471
9983
9990
9996
9999
10001
10003
10006
10011
10013
24362
22625
10019
22601
10040
27651
10060
10061
10067
10071
10072
9152
10084
10086
10091
10094
9207
10099
10101
10103
10104
10106
10122
10131
10134
10135
26865
9462
10142
45562
9636
10174
10191
10193
10194
10203
9864
10207
10231
10062
1733
15895
10253
27684
10271
10342
24134
10377
10299
10300
19059
10317
10321
10605
10338
10651
10357
45172
26020
10380
10976
10982
10412
10413
10415
10419
11132
1571
10434
10437
11227
10443
10456
15877
6975
10474
10488
11491
11495
10495
11540
10504
11576
10507
10508
19095
11878
11702
10566
10576
10580
10591
10592
12128
29521
10612
10615
10621
10629
10633
10635
27738
10642
10644
12483
10656
12520
10660
10667
10695
35240
10350
10699
41863
10712
10713
36418
10731
12883
10734
10744
12967
10749
13023
10767
27760
13166
10788
48859
10797
13313
10806
36430
10809
10812
10817
10827
10828
10833
19144
10837
10839
10859
25566
13768
10886
10887
23123
45018
13978
10915
1840
10924
10925
10928
10929
10930
10936
10945
10947
10951
14282
36453
10960
10962
10963
10965
1848
1850
11003
11008
14676
51201
11022
11027
11039
5881
11054
47067
14982
11068
11071
11075
11079
11088
11090
11093
36658
11106
11107
42162
11125
15334
7206
27816
11143
11145
11146
11148
11150
11151
11165
11178
11179
11195
11197
11202
11204
11206
11215
11230
11234
11235
11241
11247
11248
16114
11252
11257
16182
16188
11261
16216
11267
16297
11278
11279
19224
11286
11298
11300
19230
11313
1899
45091
11325
11327
11328
11329
11343
16788
11359
11364
11365
11366
11381
11382
11384
11386
11396
36537
11409
17254
11431
11432
11438
11439
11441
11446
11447
11462
11471
21584
11475
11477
11479
11487
17678
11494
17756
11505
11507
11517
11520
11525
11526
11532
11535
31029
11545
49922
11552
11560
11578
50488
11585
11587
1955
18260
11601
20548
11610
46649
11625
11628
11635
11637
45142
18569
18628
11656
11671
11679
11682
11683
29415
11695
11699
11710
35650
19292
19088
11737
11751
11753
19252
11762
11771
40152
19355
11785
36040
11790
45176
19309
15254
11804
19555
11819
1988
19652
11843
11847
19890
45189
11888
11894
45198
11904
11905
20138
11912
11917
11920
11932
50058
31280
11940
11953
11954
24838
26173
23575
20563
11972
11974
20592
11983
20662
20707
20842
12014
12021
12041
12055
12074
12076
12078
27991
12087
2041
12100
12105
21622
10593
12132
12143
21724
12151
12167
12168
12171
12174
12176
12184
21986
12203
12205
12206
12213
12214
12218
12221
12225
12227
12230
12233
12241
12245
22314
12262
12267
12274
18454
12277
17889
12294
30446
12312
22670
12327
12329
41003
12348
12349
27638
12374
12384
45279
12400
12403
12411
12414
32336
23357
12441
12450
12455
12459
12464
4787
12479
12492
12497
12498
12513
45305
23878
12528
12536
12538
12539
24834
12548
36731
12553
12555
12564
26895
12574
12580
12583
12586
29454
36738
12599
2123
45317
12607
12611
12614
12632
12635
12651
24709
12657
12666
12667
11630
51155
10696
12687
12693
12695
12697
12704
12705
12706
2147
12707
12714
13305
10700
12722
12725
12729
12733
12736
12737
12744
12748
25301
28429
25458
12795
25556
25655
25658
26334
12823
25698
12835
12838
12855
20362
26007
20174
12899
12908
12915
12923
12924
12925
37219
12930
12931
26384
26427
12973
26559
12985
12997
13001
13008
13015
13021
13026
13027
13033
26892
13049
13050
13052
13056
13060
8832
13070
13076
13084
16942
13095
13098
13106
13108
13110
2213
13119
13120
13122
13124
27417
18873
13176
13185
13186
18204
13200
27908
25432
44919
13231
13233
13237
13242
13247
50436
13266
13270
26115
13299
13314
13318
13320
13327
13328
34666
13349
13354
13358
13360
28831
13366
13369
10816
13382
10818
28972
13390
13391
13400
13417
29171
13432
29241
13442
29345
13456
13457
13459
13461
13466
23601
28211
13480
13482
1809
45468
13493
13520
13527
13533
36549
12612
30056
13572
13577
2284
13589
13593
13594
21752
13600
30275
13611
38127
13623
13631
13649
36905
49400
13674
30734
13683
13684
13690
13692
13698
13702
13712
48115
13723
15242
13739
13740
13743
31119
13758
13764
13769
33512
13778
13780
13782
13786
13787
31346
13794
40335
13797
13799
19645
45527
13819
13821
13827
13831
45529
13841
13850
13851
13852
13872
13875
13877
13890
43067
10892
32008
13910
13911
32993
32064
13915
13916
13917
13918
13920
13921
28513
32147
13934
32187
13936
22424
13942
32408
13976
13977
13980
45552
51146
13996
13998
14005
2353
32579
14014
14021
2011
14035
14042
14043
14045
14047
14051
32839
14057
14068
14071
14077
33015
32250
8000
14093
39073
14102
33133
14109
33193
14123
14124
14125
14131
14134
10933
33337
14145
14147
14156
14161
33458
19698
14171
14172
33528
45584
33600
14194
14196
14199
14204
14209
28345
14230
14232
14236
14243
14253
14256
40588
14260
30315
14273
9720
14294
14309
14318
14320
14344
51308
14361
14364
14370
30541
14373
34647
14375
14376
14378
34692
14383
14390
14397
34829
22961
14429
14439
28389
14460
35270
14474
9561
14497
14499
35542
41357
14534
14536
14538
14558
35836
14566
14576
25511
14589
19768
17880
14597
14599
14601
13304
14610
28419
14619
14621
14625
14640
14656
36296
14658
14663
37081
14675
14692
28428
36532
14714
14736
28431
14747
14748
37090
14760
14763
14768
14769
24313
36991
37112
14803
14807
14808
14811
44383
14841
12423
14846
14859
14860
45697
37448
14878
14883
14885
14886
14897
14898
14914
14923
14924
14931
37795
37804
48878
14949
14965
14969
37997
14985
14993
14998
15002
22660
37129
15018
15026
15030
15038
15040
15049
28476
15056
15067
37137
15069
15070
15073
40798
15081
15084
15094
5840
15100
15101
15104
15110
15114
15145
6430
19979
39016
15168
15186
15191
15193
15199
15207
37158
15210
50270
30380
15228
14070
32033
15231
15233
49862
15237
1345
15240
15241
15249
26180
15252
37166
19874
39623
15278
39706
11120
15304
15311
39885
15326
37181
15339
15345
15351
15356
15358
19889
15363
15365
15370
40226
45783
15384
15406
40409
8292
38571
40517
15436
40563
40576
15449
2579
15453
15455
15458
15463
15476
15479
15481
15482
15489
40868
31129
15496
15509
15511
15514
15518
15522
15536
15538
41171
41180
19925
15565
15572
41355
15591
15594
41480
15608
15610
15615
15620
41648
15629
15634
34216
15640
15646
15647
15648
41814
15658
15659
39922
15668
15671
41953
15673
15704
42123
15711
15714
15726
15729
3135
24178
15740
15741
15748
15760
42538
15763
15779
15798
15802
2639
15816
42845
15827
24060
15832
15838
15841
15842
22910
15847
40739
15848
15851
15857
2651
15866
23786
15882
43280
15892
15893
15894
15902
15905
45876
15918
15931
15933
15935
15947
15952
15965
15982
15985
15993
43955
43957
16004
16010
16011
16016
16018
16020
44097
44107
16033
45901
16043
16045
16055
44259
16065
16067
16071
16076
16088
41416
16100
28644
28645
16104
16113
16126
16128
14919
16146
45916
16165
44911
20000
16187
16200
16203
16209
16212
16214
45929
16219
45242
45261
16233
16239
33553
45353
42694
45438
16263
45504
16284
45634
16292
16295
16296
16298
16299
45691
2723
16303
16304
16305
37342
16318
16321
9027
16324
16329
28681
16335
16336
36528
37347
16360
46086
17742
46130
46137
46194
16386
21172
16394
16406
16411
16420
16423
16429
46507
16444
16447
46618
50972
16451
16458
16459
16462
16473
34027
16496
50037
46910
16513
16527
17968
16534
12680
16546
16551
37149
16554
45801
16576
16580
47395
16585
16589
37395
16601
16604
16608
16610
16612
16620
47595
16630
16634
47667
16640
16645
16646
16648
16658
16661
28737
2774
16678
37407
16681
16683
16710
16712
16713
16715
16717
16718
16722
48250
16740
3351
16749
48369
16759
16764
16772
16777
31053
16790
16791
37431
16801
16804
16818
16824
16836
48932
16859
48994
46561
16870
20132
4172
28778
16888
16895
37237
16906
16914
19928
49318
2810
16946
16954
16961
16969
16972
16976
16987
16990
16997
15812
49818
17014
28804
16752
17033
17034
17041
17043
46079
17064
17073
17076
17083
17091
17096
9214
17114
2997
8381
17122
17125
17127
17131
17132
37480
37481
28824
50771
28949
37484
17158
51031
17184
17193
17200
51140
17204
17217
17222
17223
17227
2861
17237
51401
51428
17256
17257
28847
51563
17276
46118
17282
17289
37511
17302
35567
17313
26468
28864
17345
17347
17355
17358
46134
17377
17380
17383
47822
37524
750
17393
532
17413
17428
645
17445
17453
17460
17464
880
17467
17476
17480
23872
17485
17486
23518
17501
37807
17528
17536
17550
17551
17555
17562
7798
50988
17590
17595
17598
2905
17611
17621
11476
17630
17633
17635
17640
1917
17653
23770
17654
17655
17660
17663
17667
17671
51233
17674
17682
17685
17689
17693
17697
17703
1320
46187
17727
17729
17748
17760
17764
17768
17770
17771
17775
17786
17795
17798
17803
17805
17806
37582
17809
17813
17814
17827
17829
3043
17834
17847
17853
2958
17865
17868
43674
20411
2959
2960
17893
17908
28959
17916
30672
31916
17942
17944
17949
17951
2976
17988
17993
17996
13177
4156
18039
18041
18051
42102
18054
18069
18074
7944
18088
18089
18094
18099
18102
18112
40699
18120
4736
18124
18126
18132
2999
4885
18151
18164
18178
11581
18197
5258
18205
18215
18221
18222
37834
5449
10260
18243
18250
18258
18266
18273
18274
18278
18291
40001
29024
18309
18311
37664
18319
18326
18329
18339
17824
18346
18359
46299
18366
18371
18372
18375
18379
6268
18422
46308
36492
18446
18462
18466
18473
18474
6788
29048
46316
18499
18502
18503
18510
18514
13488
18517
18538
51029
18543
39763
7251
18570
7393
18589
18591
18593
18611
18185
7650
18631
3078
7230
18636
11658
18641
18642
18649
4975
18666
29078
8007
18674
18685
8083
18691
18698
18710
18726
18732
18733
18739
18741
38423
18747
18748
18751
18755
27474
18760
31774
18761
18762
18775
18781
18782
8724
46365
42951
18795
18829
18837
18841
18847
46373
49666
18852
9114
18855
18863
18864
18865
37744
18879
18894
18899
18902
18903
20478
18918
19410
18925
18927
9567
18935
18938
23924
18947
18972
42177
18981
18985
18992
18997
18999
19001
19011
19014
35293
19028
19037
19038
8084
3140
19045
10243
19063
19072
10414
19080
48104
42922
19094
10543
3150
19112
19114
19117
19122
19125
19126
19131
19137
19139
19141
19145
19148
19156
19157
10922
19161
19165
19174
19175
19176
3161
19179
44185
19182
19200
19203
6573
19213
15032
19218
11281
11318
19235
19240
11395
18365
19265
19267
19271
21302
11620
19281
29176
19286
19291
19305
4933
29491
19319
19321
19327
19330
17647
19338
12030
19353
19354
12106
45148
19370
19377
21553
12259
19392
19398
3203
19426
19427
17783
20572
19442
12660
20576
19460
19461
19464
19478
19480
19493
19504
19505
9466
37854
19523
19525
15470
19538
19539
19542
19549
34292
19559
44482
19573
19590
19594
11823
19615
3241
19639
19647
19648
20612
20614
46497
19661
27732
19676
19678
19684
19686
19690
20622
19701
19703
19707
759
20625
14285
19719
19720
19721
14413
19737
19758
571
38985
19764
19769
14606
19812
19813
19814
11853
14868
19823
19837
19843
19847
19857
19860
26405
19870
15263
15360
19894
19901
19904
19906
45352
19917
19918
19933
19934
19943
19946
19951
19952
29283
19978
19989
11890
12842
20008
16163
20013
20017
16262
37943
20038
20042
20045
20051
29084
20057
20064
21603
45922
20076
20081
20084
20086
16644
20097
16568
20105
16720
22463
20111
20112
6590
20122
20125
20130
20697
15027
20144
20157
20168
20173
20176
20179
20180
17192
20193
20201
35119
20204
20205
20210
20226
20230
20242
20249
17670
20254
20261
43130
3355
49579
18013
20323
20325
18096
20333
20340
20346
20349
20356
20357
20361
20368
20370
20380
20385
20393
20400
20408
28178
18562
20424
20435
20437
20439
20442
20447
11952
18793
20466
7100
20473
24510
20482
20487
20498
20509
3386
20517
15341
20524
20525
20527
20530
20533
20565
19413
20569
20585
19532
20602
20610
20611
38838
34580
19682
20624
19657
20627
20629
20638
29392
20640
20649
20651
19937
4447
20670
20673
20674
20675
20133
20699
20148
20160
20703
20710
20711
29404
20726
20731
29407
31268
16468
34524
20756
20760
20762
20540
20767
20772
20584
29413
20783
20786
32729
20804
20806
20829
20811
20819
20820
20920
20998
20843
20847
20852
20853
20857
21148
20818
20887
20888
12609
21300
21325
20897
47702
20903
20905
21402
21521
20938
20940
21579
20947
20952
10996
46698
20958
12026
20976
20985
21823
5699
21007
21991
21021
38098
21037
22121
30222
21047
21048
21050
21051
1627
21057
21076
21079
21083
22476
38786
21114
21122
22657
22718
45987
21156
21161
21162
21165
29475
3478
21173
21177
21181
21202
12341
21213
21217
46742
21233
21237
12069
21244
21248
38135
23429
21266
21267
21271
21273
21278
21279
21280
21282
21288
21293
21301
21319
3504
21337
21338
21339
23937
21349
38148
23981
21365
21370
21378
21379
24151
21386
21390
24174
21396
21399
9997
21406
21409
21412
21419
21421
21424
21442
21444
21450
21451
24550
21458
21468
21470
21480
24727
3345
24755
24770
21495
19192
21512
23854
21520
21525
24982
21530
29938
48389
25151
50805
21551
21552
12781
21564
21578
21588
21590
25386
21595
21597
21604
25443
21616
21617
21620
21629
25582
21635
21640
25662
25718
21674
21675
21676
21680
3565
35287
21688
29562
21702
35113
21706
26049
51443
24631
21720
21722
21730
21736
21743
21755
21758
21762
21771
7818
36835
21783
34279
21794
38226
21801
21812
21818
45037
21822
30653
21828
21836
3593
25424
21841
5468
21853
21856
26964
21863
21865
21873
21876
21878
27093
3601
21004
21912
21927
46852
21949
49726
21964
21972
21973
21975
43416
22014
22028
22029
22030
17631
38260
22037
12208
22041
22044
22046
28157
22056
45940
22066
22072
22077
22081
22089
22096
29645
22104
3640
50408
17234
22154
22160
22163
30351
3650
22171
42676
22174
22188
22192
22193
22204
29111
24663
22223
22228
29193
22232
22235
22252
22260
22263
22272
22273
22275
22284
22285
22286
22289
22297
21059
29650
22306
17346
22323
22325
29823
22328
15990
22334
22335
22342
22347
21068
22352
30033
22363
22369
29702
22371
22376
22383
27211
22407
22408
22409
22416
30425
49005
22427
41555
22457
22462
22477
30815
22484
22492
22498
22504
31025
22512
22514
25578
22517
31087
22532
21943
22538
46744
22542
22543
22545
31304
22553
22558
31377
31383
31447
22591
22596
22599
31625
22606
22621
22622
38358
12303
22627
46973
22648
22649
31910
22667
22677
22680
22610
22701
22703
22708
22711
22720
32405
22724
12326
22731
24924
2355
22753
22759
32602
22772
22780
22783
22789
22791
45110
32808
22794
22798
22801
22811
32918
43501
47008
33040
21150
33176
21152
22883
3782
22891
22908
33580
22912
22914
22917
22919
22920
22925
22927
22929
22931
40289
22936
22937
22955
20885
22959
21175
42423
22975
22979
1920
34042
22987
5283
22990
23011
23013
23015
23020
23022
23034
23035
34367
34369
23049
23051
23054
37956
34504
23070
23074
23082
23083
23091
39458
23106
34789
34794
23120
23122
23125
23132
23138
23145
35189
35244
23187
23190
20326
23201
35327
23208
23211
23215
23221
23223
23225
23236
23256
23259
23270
26579
38466
23292
35799
23305
23306
23327
23337
23352
43517
23363
38481
23370
36494
23376
23377
23381
23389
23397
36436
38487
23407
23426
36562
23430
23438
36662
23446
23475
50584
23492
23496
23497
50917
36993
36284
37108
26062
23534
23535
23536
23543
29902
12461
23560
23567
23577
23581
23583
23587
23589
23591
23593
23599
23602
23603
17195
23630
37801
23639
44103
37896
23646
23647
23657
38530
23674
23678
12487
23682
23683
35230
23714
23717
38443
23731
23732
23744
15953
23751
23767
38704
23773
23777
23778
132
798
49950
23793
23805
23809
29950
29951
23831
39046
23842
51902
23849
39117
23863
23889
23890
23895
23902
39436
23913
23915
23923
35360
47188
23934
23946
23951
23953
699
23959
23964
39874
23972
23976
23983
3962
39948
23988
23996
39995
40057
12545
49306
7043
36407
24025
40219
24036
24041
40350
24053
25664
24055
40355
24070
24081
24085
40571
40583
40586
30615
24110
24112
24113
24117
24118
24119
24120
24126
24142
24143
40927
19341
24170
24173
41013
47225
24203
20955
24217
24221
47648
41378
24249
24266
41594
47240
38624
24284
24293
24299
24304
4026
24316
24319
24322
24342
47253
24345
24352
24353
24358
24365
24372
42322
24376
24384
24387
42396
24392
24393
24394
24397
42462
24405
24413
42555
24156
24420
24427
24428
21429
39251
24454
24456
24457
24473
24480
24486
43012
44362
20803
24508
43162
24528
24534
24543
24545
29315
24555
47297
24558
24559
46907
24577
24581
43693
24599
5965
24618
24629
21473
24634
24637
6943
24641
24659
24664
783
24676
13487
24724
24730
44549
44566
24749
24752
24763
24767
4093
24780
44116
24794
9778
24802
30125
30127
17403
24809
24815
45061
24821
45170
24848
24849
24851
44430
24861
24880
45420
40503
45429
24889
24898
24904
24909
24931
24944
24959
24966
24967
23279
24998
25000
46084
25005
25012
25014
25015
25018
6765
25025
25032
25043
25047
25048
25056
36921
46461
25074
46496
23149
25101
25102
25114
40842
30177
25139
25141
25143
25152
25156
25158
25159
25160
25171
25184
25189
11096
25196
25202
47307
49156
38232
25214
47382
25223
25229
51075
4163
25244
25246
25254
17015
25262
25263
47690
20785
25274
25278
25296
30201
25307
25308
12758
25326
24018
48200
26031
48294
25372
25390
12770
25402
25403
37902
48662
25423
48715
45232
25438
24038
25448
21643
25478
3413
49082
25504
25506
27308
25519
25522
25536
25539
25541
49365
25552
25557
25561
25564
25568
47545
25577
49524
360
21634
49578
4215
25587
25591
25595
25596
25601
26353
6104
4221
25615
25617
25618
25624
25632
25638
47475
49968
25654
39957
25667
25670
25692
50245
25702
25703
25716
25719
25728
25729
25734
25738
3393
39590
25752
25774
39097
25779
25789
25796
45617
25819
25822
25848
25849
25852
9404
25856
19840
51211
25862
25867
51289
51291
25879
25881
25884
25886
25888
25891
25895
51427
25901
51452
51484
5271
21685
25941
31640
51734
25949
25953
51809
38879
25958
51847
21693
25975
25980
25986
12272
25994
184
12878
26012
20006
26023
26026
26029
26034
26038
26040
26041
51764
48940
560
26069
26071
26078
12893
38709
4306
26106
26113
26114
12901
26131
26136
34593
26141
26147
1122
26152
26155
26165
26166
26167
10169
26178
1373
26191
26198
50158
26204
26212
26222
26242
26248
1801
21750
26290
26296
26301
26308
26320
26329
4404
15530
26348
26350
26357
26361
26368
31661
12943
26373
7980
38946
2554
2567
26395
26417
26434
26436
26440
26441
26464
3065
26498
50613
26508
20501
26519
26521
26531
26541
3499
26555
26567
26575
26580
26581
26586
26589
3779
26607
21799
26620
7670
26632
26639
26643
26644
26654
26655
12999
10595
4308
26694
4395
26700
26707
16776
26717
26722
26725
26732
1326
4422
43433
26739
26743
26744
26749
8482
26764
4853
6052
12775
26790
26799
39014
26811
5132
26826
26827
13029
13032
27711
26866
5386
26868
26870
8641
26884
32045
26889
26900
26902
36047
5735
26928
26931
26932
21855
25634
26953
26956
17446
26965
26968
26970
5160
1195
4273
34898
28253
27005
37085
27008
27009
27015
27026
6395
6446
27053
28411
6580
27074
6621
37729
39066
27091
4475
27104
27109
27113
6907
38823
27123
27128
17867
27144
39075
7152
27154
27161
27165
27178
27187
43138
27191
27196
27206
27208
47768
27219
29485
27223
27224
27225
27236
27238
27243
13107
27272
27276
27278
27287
30535
27295
27309
8125
4511
27327
27333
3515
27348
4835
8508
27375
27382
9101
27402
27407
8666
27421
47807
13129
4530
43616
27438
27449
27452
27458
27461
27467
31320
27479
415
27497
27517
9419
27528
27556
9688
26912
33351
27592
27599
27605
27615
27617
9949
27631
27635
27644
4562
27655
27669
10180
27674
44173
27688
11440
27710
47851
46312
27717
27721
27725
10640
27740
10665
27761
27764
27770
20429
27777
14840
27788
11060
27815
27847
27850
13195
27872
22868
27874
39438
27887
11606
27912
27919
27924
27930
27940
27941
4892
27961
11929
27968
27981
27983
27987
27989
6637
12123
28000
28012
13227
39235
28056
28059
28064
28068
28077
28078
28086
28099
24520
30671
1302
40117
28131
28134
28141
28143
13161
1529
28172
21080
28190
28199
28205
28212
28214
28218
28225
28235
15651
28245
28246
13670
28256
28259
13761
28265
13796
13834
13837
28278
23654
28286
28290
28293
28302
28310
28311
28322
28355
28362
28366
14327
28381
28386
28394
28396
28406
28407
14520
28410
28418
28420
28423
43549
20418
28432
30716
46516
28447
28462
28463
15017
28474
28477
28481
28497
28507
28508
28509
28523
28525
28536
28546
18053
28578
28581
28586
7602
28592
15884
27707
15948
28625
28631
28633
28634
28639
28643
16107
28651
30757
2684
17502
28701
28702
28707
28708
16522
35472
28724
28727
37148
28731
22150
28732
28734
27010
28738
28756
22156
28762
28763
28764
22158
16887
16896
28791
28792
28794
28801
17044
28819
28820
28821
17167
28841
28853
22450
28857
28872
28879
29756
28886
28889
28890
28893
28894
43222
28905
28918
28920
28921
28927
37990
28945
35955
40943
17885
28956
28969
28978
28980
28981
28990
28992
28998
29000
29010
29022
29031
29033
29035
29043
29046
49374
23463
18494
18542
29061
29063
29065
30820
18653
29088
29110
29406
29121
29126
4808
29129
29130
29131
18986
29134
19050
29145
29147
29151
19109
22217
29155
19184
29167
29174
29178
29186
29194
14925
29199
19434
29208
29210
29214
29221
32761
38930
29233
19663
37337
19850
29273
39428
29287
29296
29298
20056
30858
20170
20217
29326
29328
29330
30860
29335
29340
22257
29342
29353
29354
29362
29368
30867
29374
20511
29380
29388
29389
31957
29393
20667
29398
39448
29414
20814
29449
37052
29459
21128
29498
21352
29513
29535
29538
21544
29540
29542
21630
29559
29561
29566
29574
21768
29579
48155
48157
9183
39487
29602
29603
48159
29629
29640
29643
29647
29653
30914
29655
22166
29660
29662
22187
29668
29669
29676
22274
29682
1803
29684
22341
29693
29701
22375
29707
29719
31899
29727
13505
29743
29744
13507
29753
22654
29779
29782
29789
29797
29817
23062
29831
29836
38749
23196
43792
29851
29854
30149
29868
29874
29878
29897
13536
29906
29918
23662
29926
38577
39546
29964
22353
29974
29976
29982
29989
29996
15820
20163
30022
30023
30038
30039
30041
30048
30052
30059
30065
48240
13568
24571
40040
30095
24662
30116
46224
30135
13579
30163
30166
30167
45505
30172
22385
30178
17967
33420
39571
30212
25427
25455
47153
30244
30250
25625
30261
48273
30272
30280
30284
30291
30300
30308
30312
26054
14438
39589
6640
30340
30341
48286
13614
26254
30355
30356
30358
26269
30362
30370
30375
22400
30386
31039
45129
31042
30408
30411
26566
30415
26651
27386
5035
30451
30458
30461
30473
39608
5040
30477
30481
30482
45991
14443
30492
30498
30503
16158
30520
39613
30534
30542
30552
30553
30562
30565
30572
30577
30580
27600
32547
30595
30596
622
27758
30607
39229
30609
10085
30612
27838
30627
30630
27936
29391
12456
30641
5065
30647
30650
30652
30661
28119
39638
30680
28192
30688
28243
30695
19879
30733
30736
30738
13680
30758
28690
30766
30770
30771
32818
28797
30775
30781
30786
30788
30792
5615
30813
3312
30822
30827
30843
30850
41425
50747
30882
30886
44154
30905
30910
30911
30912
30923
30924
29748
30942
20280
30091
30960
540
30963
36145
30965
30970
48393
30977
26649
30997
31007
31015
30278
30289
31142
30384
18203
31054
48407
31059
30573
30574
31072
5138
31076
22519
31094
31100
31101
31103
31105
31106
31113
31117
31123
30938
30941
31128
31140
31035
39719
10501
31146
31148
24803
13598
31162
31175
31240
31183
9761
31186
31297
31192
31194
31363
31205
31400
31208
31210
31213
31504
31593
31247
31251
31256
31258
31264
31269
31272
31274
31282
31286
31288
16625
31290
31293
31321
31328
13784
31331
31342
31349
31354
31356
31360
40817
31366
32345
31369
32445
51236
31402
31407
31416
31419
31421
31431
31443
31451
31452
39776
1732
307
31481
31485
23462
31498
4798
31520
31521
31232
31544
48491
31549
31551
31553
31562
31567
31592
33722
33777
33833
31620
31634
31644
31650
45069
13836
31662
31671
31672
31675
31680
31682
13997
31694
31697
35081
31708
31718
31727
7026
31752
31270
24620
31759
31761
22623
5236
39827
31784
31787
31791
31793
31808
31818
31822
31823
13870
31845
31851
31852
31859
31860
31874
31877
31886
31892
31895
31897
31898
31900
31901
31908
5269
22651
41558
9418
35714
31941
31944
32810
5273
37697
31978
31980
31982
31983
31998
32011
39865
32013
36133
32021
47320
36236
32037
48589
22672
32054
32058
32071
50791
32096
32097
32120
15688
32165
32171
32184
32197
32199
32200
35273
32204
32205
50989
32231
32235
22697
32253
32257
32262
13947
37626
31359
37733
17068
32318
32326
32340
33173
32360
38139
32365
32390
32398
32399
32402
28374
32412
7519
32425
5342
32450
32460
38758
47494
32484
38889
32501
38938
32514
46392
32516
39119
32541
32548
32553
40014
32561
32562
32568
32570
32586
32588
22763
39494
32605
32608
32612
39556
27212
39577
48231
5666
39726
48686
32663
32681
32683
32686
32690
39954
23542
32721
32722
5381
40254
32745
32755
40359
32768
32778
32795
32814
32821
10674
32829
32833
39996
32846
14055
32850
32857
24190
32871
28892
32874
32879
32884
32907
32909
9755
32915
32919
32933
32934
32937
32942
32947
48741
31464
7571
33008
19293
33016
33026
32596
42077
39268
219
33070
35614
33086
33101
48235
33109
33111
33114
33119
28995
33136
33147
49398
33162
33163
42793
33181
33183
33199
33209
33216
43199
33233
43239
33239
33242
33256
33257
43422
43425
33268
33270
27361
33283
43571
36329
33311
33313
33331
33355
26561
33371
33373
44073
33385
33393
22882
44169
33396
9696
33403
44279
33413
33422
33423
33424
33451
44569
33459
33463
33469
33472
33475
44682
33481
44714
33483
33487
27288
33493
44875
44897
33529
42179
33546
45133
33555
45202
33559
31004
33574
12328
15978
33603
22916
3526
10096
45624
33637
48864
45732
33650
45809
33672
33677
33678
48868
33684
5980
33696
33699
46250
9522
46338
33731
33732
33733
33735
33737
33741
33748
33750
33753
33758
33760
33762
33767
46578
33781
33783
31986
33807
35644
33820
33823
33826
33828
31617
33836
40166
46946
33840
20559
33859
33862
33868
48901
31626
33882
33884
45827
33894
33907
33910
47371
7320
33947
33956
33964
7683
33968
33976
35153
37753
33998
34000
34004
15900
34039
34043
34047
34048
40203
34052
34066
34070
34080
34082
39771
48430
34088
31663
34105
31666
34111
34114
34117
34126
48689
34147
48790
34166
34167
2144
34175
34183
34184
34188
14295
31677
49094
34207
34212
34215
41415
49304
11713
49437
34262
34265
34266
49515
34290
34293
34303
48978
34309
34314
34317
34321
34333
34335
34343
21070
34383
50587
34401
34417
34421
34435
47248
34440
34455
50664
34475
34489
34495
34498
34506
34507
34509
34514
34515
34517
34528
40169
34540
35638
51070
51073
34551
34553
34554
34559
34573
34575
34603
34604
34611
34618
34624
34627
34635
34636
34644
34651
34662
34696
34069
5730
166
34719
34721
6967
34723
34726
34728
34733
30281
34743
386
34754
23100
34760
31763
34771
34774
34783
34795
670
34810
34816
730
733
8026
34825
34826
34828
34838
34845
34857
34858
986
42839
34902
34870
34876
34877
34881
20621
34890
34893
34895
34897
36360
34903
34907
34917
34932
34945
34969
34970
1675
34979
34986
34992
35007
35008
35019
35025
35036
2054
35040
35042
35043
35045
35047
35060
35064
35076
35079
40366
35087
29904
35115
35122
35142
11228
35152
35160
34686
23433
35167
35176
35181
35182
35197
3051
35202
35206
45774
35231
3336
35243
13188
35254
51323
35271
35280
3655
41747
44064
35310
35316
35323
35325
35331
35342
35343
35348
35358
35359
35363
35364
49145
35373
4119
35377
4186
35385
35391
3429
35416
35422
35423
4603
35450
35452
4696
35454
35457
35470
5842
35475
35492
35494
4994
35509
35511
35517
35518
8856
35523
35524
31907
5250
35550
35553
35565
35569
35574
5478
12582
35580
5629
35601
40447
35606
5766
35624
44331
5800
35635
5841
40454
35639
31928
5977
35660
35663
35671
35680
35690
35691
41812
35707
17479
35711
35723
35725
35737
5893
6553
35753
35755
5898
6661
35769
35770
35771
11806
35778
35790
35792
35802
35816
4599
35821
35824
35833
40063
47227
51550
35863
35865
39271
35875
35876
35878
35881
35897
35902
35903
35905
37871
35924
5926
35926
39263
35937
35940
35944
35952
40511
35957
35965
35966
35970
35976
35984
47095
35995
17024
36003
8074
5940
36025
36029
8162
36036
36041
36044
32000
36059
36066
36074
40533
36082
36089
36099
36102
40540
36120
40542
36122
36129
36131
11593
40548
23791
36153
36167
36169
9219
36208
36229
32034
36237
38492
36242
36249
23369
36258
36267
9800
15316
10464
5995
36304
36308
36310
5997
22080
10159
23386
36338
30571
14671
36367
10435
24892
49334
36395
36397
36398
36406
10725
36432
36438
6022
31065
49347
36465
11014
23411
36490
11161
36533
36539
36547
36548
11506
36572
11730
36598
36601
40629
36609
36611
36619
45470
36637
36642
36643
36645
36649
36651
36664
12140
36668
49380
12367
24585
36720
12473
14074
36748
36756
12717
36761
36765
36772
36780
12907
36785
36791
36799
36802
36803
36804
13068
36806
32127
36816
36820
36822
16223
13230
36834
36837
36838
36846
36851
36856
13402
36862
50486
42088
36883
36897
3322
36907
19692
1852
36913
36917
36924
36929
36935
36936
36937
36938
36941
13919
13927
49424
36963
36975
14098
36983
14337
14339
37030
14392
37041
37042
51663
37078
17102
48960
37088
14865
37110
14801
14948
37125
8047
15016
12978
37135
37136
28682
37141
37146
37153
15200
37174
40728
22761
40731
14129
15533
37230
37236
37241
37244
6143
37259
37273
7691
37286
37289
16012
37307
37309
49485
16156
37323
37327
11208
16289
17850
37352
37358
16424
37364
37367
44016
12436
16471
16519
37387
37391
4584
37401
37405
37413
27628
37420
37422
32232
37425
16798
37433
37435
37443
37454
37460
37477
37478
17133
32142
37512
37513
37516
37416
37525
14880
9031
37540
37546
37324
37374
27932
37564
37593
37601
17941
37606
37608
17973
37621
37623
37630
37631
37632
37633
40802
30610
37653
37656
18281
37660
48846
37665
37676
18492
37700
37710
37712
37722
18721
37730
37739
6225
37749
37752
37756
37760
37764
19033
37774
37789
37791
37797
23632
37813
37815
37817
23032
37821
37825
12011
19441
17265
37844
37845
37859
19589
37872
23641
37885
10066
37887
37899
19838
43375
19866
37926
37930
37931
37932
37939
20062
37952
37954
37963
37965
37971
20298
20311
20369
38001
20470
38011
20568
32348
49603
38031
38035
38041
38068
38072
38076
38084
38087
38091
21017
38097
38104
38111
21138
38123
38132
38136
49618
38140
32941
38147
4388
38166
38173
27280
38187
15001
38193
38194
38199
38200
38201
11709
34707
38208
38212
2793
49632
21842
6305
38256
38286
22233
22264
38305
38313
38314
22356
6312
38319
257
38338
38343
38346
22536
38361
49650
38366
38387
32407
38393
38401
38414
38421
22216
38436
38438
23167
15057
38458
33889
25220
51846
51470
46728
38490
32347
38502
38506
38520
38524
38529
38536
38539
23766
38548
6351
38572
15083
38582
38587
38588
38595
38599
24147
24165
38610
38614
15087
12036
41371
38638
38640
38646
38648
38658
38664
38685
49709
38692
38698
38700
38701
11599
38713
38723
38730
25011
38739
38746
38748
43706
38754
38766
38770
38772
25232
38776
38777
38779
38783
38793
25394
30693
10999
38808
25518
38830
38833
25720
38841
38846
38851
38853
38855
38856
145
38873
25937
38881
38892
26102
26107
38908
38911
26170
38917
10110
38922
26281
38936
38937
41037
48792
7360
26461
38962
38283
26629
37576
38992
15071
50121
26730
23833
39026
18189
39045
39058
39064
27085
8782
39092
39096
39124
39127
39136
39141
27496
39146
26332
39153
39162
23860
39183
27730
39199
39213
39217
39218
39227
39230
39231
28075
39243
39244
39245
39247
39255
13512
39282
28404
39285
23879
6484
39294
28537
39312
39315
39322
39324
39331
39337
39340
39349
39350
39357
6500
39368
39370
39375
1295
29002
29013
29052
39386
50796
29108
29137
39403
39407
39426
27611
14732
29458
39462
39467
39475
29595
29635
49838
39512
39518
39527
39528
39534
6531
30083
16808
38532
39572
39573
39582
39592
17622
39610
39612
39621
39640
39644
39659
39667
30845
39675
39676
39679
39684
39697
31022
39718
31158
39724
6565
39730
37116
39743
39748
39755
31362
39764
30152
39775
31491
39801
39809
39811
39812
31744
39826
31782
15306
50111
39831
39835
39839
39841
39845
39846
39856
39867
39872
39878
39879
39881
39882
49912
23974
32223
3206
39904
39906
39908
41202
39917
13679
39937
20672
39943
39945
39950
49925
15328
40652
39965
29912
39975
39979
39991
32917
40026
40027
40037
40049
40050
40052
43472
15346
33198
6617
40064
40066
40073
33322
14754
40090
40094
40097
6626
40105
40107
33582
40122
33618
40127
25935
40133
40906
40141
15367
40177
40178
40180
33961
40189
34028
40206
40216
6647
26951
40220
40228
40232
34379
6652
40267
40271
12659
40277
40278
40279
40287
40293
40296
40298
34639
34643
40305
40307
40310
40319
34843
40333
6664
40345
40347
40352
40358
40375
35183
40412
40386
40388
40392
40397
40400
40401
40402
40406
40407
40408
19205
40414
35442
40442
40462
40467
40468
40489
40493
40495
40498
40502
6700
35968
32781
36017
36121
40547
36146
40555
36194
36220
36245
4671
40593
45652
40615
40618
40621
40624
40648
40661
40667
40670
40673
40685
36973
40700
32807
40722
37169
40732
6731
37221
41343
40742
37285
40750
40754
4624
40765
40769
40774
50065
32822
40804
40805
40813
40816
40819
37742
40825
37790
40834
40836
40838
40850
40867
40873
40877
40881
40883
40884
40892
40896
40902
38271
1552
40915
40926
40933
32851
40941
1511
40950
40960
40969
38628
40974
41381
38767
41000
38818
39951
41025
38900
41030
41036
41043
44707
41055
41063
32873
49983
39138
22178
39185
41085
41087
41091
41104
41107
41110
28041
41130
41133
41407
41140
41144
41146
41149
41155
41168
39751
41175
41177
41186
41189
6816
41195
19521
41203
41208
41210
41213
39974
41219
41221
8737
41224
40054
41242
41251
41264
7721
41267
41268
41272
28583
40436
9992
41303
41311
41318
41327
41339
41320
39281
41356
3428
41376
41390
41397
41400
41409
41410
41420
41428
40574
41449
41451
41454
39299
41464
41463
48668
41468
41471
41472
8941
41609
41491
41514
41519
41524
46151
41988
41531
41532
41539
41541
41544
41550
41551
41552
41559
41560
41564
41565
41572
41581
41592
41597
41608
41614
48648
41616
41617
42518
41623
41629
33103
41637
41644
50204
41650
42707
25464
29519
41673
41677
50209
41681
41694
42983
6419
43034
41731
14530
41736
41737
24287
41741
41744
47779
43302
43315
41767
32992
41771
43410
41776
33269
41810
41817
41819
41824
41825
50234
41830
41846
41848
41852
41854
41862
41865
43924
41872
41875
44027
44046
44156
41907
41910
41912
41915
44214
44245
41927
44291
44298
44324
33024
41940
44350
41943
41947
6938
41952
41961
41965
41966
44492
41987
41999
44740
44760
42014
42015
26093
42021
42024
42038
42039
47933
40961
42054
42057
42059
42060
42061
45106
45116
42067
49410
42076
42079
42082
42083
42092
9040
42093
42097
42099
49936
45343
42107
42109
45448
45464
33061
42149
42157
26312
42167
42168
42169
42173
42175
11566
42191
42195
42202
46004
42210
42211
42219
46113
46145
42225
42228
42241
42242
42250
41574
42272
46466
42293
23501
42304
42309
42310
46677
42326
42353
46952
42369
42370
42374
42376
42385
42390
15743
47148
33110
50317
42408
42416
42422
42424
42430
42440
42451
42455
42458
47587
27000
15753
42489
42491
42498
42501
42502
42508
47855
42523
42539
49878
7704
7021
42547
42557
48085
9844
42565
42572
24552
42581
42585
42586
42592
5912
42601
42608
42614
42621
42626
42629
42633
42635
42638
42658
42666
8293
41647
42689
42692
42693
42700
48980
33153
42717
42722
42723
42738
42739
33157
24452
42754
2975
42765
42772
49488
42792
15808
42797
42800
42806
42813
50377
42814
15813
42819
49668
32263
9824
42847
39653
49823
50388
42858
42861
49921
42868
29778
42896
34910
42905
42906
42907
42911
23464
42923
42926
42936
42940
42942
42944
50310
50341
42955
42961
42965
42967
7084
50451
7086
42984
42986
21143
13409
43001
43006
33197
50710
43020
43023
43027
24479
43031
43039
50416
43055
43068
43075
43080
51208
43107
21902
43111
43118
51440
41287
43134
43135
43139
43141
51619
43163
51659
43170
4585
43174
27202
43182
43187
43190
51888
43209
43210
27746
28264
24957
311
43253
43259
43261
43278
43292
43323
43325
43340
43341
40853
43356
43359
7844
32697
3404
43380
42716
15235
1200
43406
43412
43413
33264
43450
43459
43462
1541
43464
43465
43466
43470
43475
43483
43487
43503
43504
43506
43511
43512
1838
43535
43537
19303
43547
43558
43561
49068
51163
43577
2483
43589
43591
43595
43596
25639
2106
43607
43608
43610
2351
44011
2388
43623
41345
43634
43638
23258
43643
4168
43656
43664
2689
43682
43684
43700
43719
43722
43725
43732
43735
43750
43755
17525
15632
3178
43766
43768
47322
43774
47136
3362
15971
22034
43805
3463
43818
43832
3642
43844
43852
3775
3780
43855
9074
12306
43864
65
43884
35138
3970
43919
43920
43926
43937
43938
43940
32662
43945
4383
43965
43966
43975
43979
43984
43993
43997
44006
44012
44014
20630
44053
24644
44056
29251
49237
44066
44071
44074
1059
44084
7535
5120
16024
5298
44120
44125
44141
16259
39059
5551
44179
5744
44191
21012
44205
7272
44218
5990
31951
44244
31636
44257
44278
44282
44283
44285
44296
44302
44316
44327
44329
44330
40924
44335
44339
44345
41942
44355
44357
43353
44368
44372
34093
44399
44401
44402
44419
44434
31762
44448
44457
44464
7392
33450
44489
44495
44497
44509
44510
44520
44522
7679
50017
44561
44568
5911
44576
8041
44586
44594
44598
44601
44618
3886
44626
44629
8305
44633
44634
8344
44642
44644
44660
44664
8594
8626
7150
44694
44702
44713
44718
8958
40110
35520
44748
44750
44752
44755
44763
44766
7374
44769
9274
44780
44785
44789
9365
44795
44797
50728
44805
44818
44821
9625
44824
9661
9694
44849
16160
9916
44885
24602
44908
44910
50394
44944
44945
44951
44954
44959
44972
21574
6657
45027
45029
42022
45054
45070
45079
45112
45115
45120
45121
45132
45138
11707
45157
45162
45167
45174
45180
45183
11868
45199
45201
11913
45215
45221
45226
45236
45237
50812
41745
24853
45269
45280
30019
45290
45293
29614
45316
42709
45332
45333
45335
45339
45347
45363
45365
45376
45377
45387
45391
17036
4157
45400
25354
40923
45413
45419
13265
45435
50847
45442
45449
45453
45459
45462
4190
45466
15343
13491
45471
45474
13526
13571
45489
45495
45513
13746
45049
45523
45524
45536
45558
45576
45581
14173
22161
45589
33626
45601
45608
45616
45633
45643
45649
45654
45658
45670
14744
39695
45679
24936
11218
45705
27466
14938
45712
45714
45715
45716
45717
45731
24942
45751
45752
45753
45754
45768
45769
23745
42172
45777
15403
25024
45794
45806
24954
45821
24958
45828
45844
7555
45870
45882
45900
16042
844
45913
16218
45935
16250
16279
42198
45949
45959
45960
16413
45969
16457
16470
44754
45984
45990
24984
45994
46005
16708
46014
38024
46028
46042
46046
37982
46069
46073
5217
7594
17080
46093
25010
17484
46107
46112
42220
46125
50960
20098
46139
25019
33695
17519
44721
46172
46173
46174
16379
45240
1012
46200
46202
46203
46206
42234
17933
17980
46239
46242
46248
46261
25037
46286
46291
46298
46313
46317
46320
46322
46324
46327
42255
46336
46340
46343
46344
46362
38467
18850
46385
46390
46396
17862
36301
25062
46421
378
46426
37258
46431
46435
46442
19289
19295
46448
46467
46475
46477
16427
46487
46493
19658
46509
46518
19805
7672
46536
20553
46565
33772
46568
25092
20146
25095
46580
8205
46584
46586
46591
46593
20248
46598
46606
42307
46621
51043
46652
16456
46673
7697
46694
46695
46702
46705
46706
33796
46719
24956
46733
46745
49024
14255
46759
7713
21369
46764
46773
46790
21575
24758
46804
46808
46831
16487
21879
46845
46846
46847
46856
46862
46865
22058
22136
22271
46919
46921
46925
46939
46940
46951
46957
46958
46961
22608
46977
22668
46980
46990
46994
46995
22823
33376
47017
47040
47045
47046
47052
47059
47063
47064
1937
47069
47071
265
47085
47087
25920
51130
47112
47122
14064
47133
47141
47142
47144
14466
23718
47154
47159
47161
23829
47173
47175
47180
47185
47197
47200
47203
47213
24093
26270
51150
47232
47241
47250
47254
47255
47257
47262
47270
47273
24475
47284
47287
47289
7803
47294
45539
9855
47330
47331
47334
47343
24856
47364
47378
47380
47386
47400
47413
47421
25324
47430
9008
47435
47438
47442
29206
47448
47451
47453
42448
47465
25640
47486
47487
25765
25960
26015
50607
51197
26087
47566
47586
47590
47593
47599
47601
47609
47610
26522
47636
26625
22943
16637
47657
26706
47666
41696
11964
26783
50433
47688
19162
26896
50507
47706
51221
47710
47714
47716
47718
47720
47742
47753
21331
27226
48082
47778
47780
27268
47786
47790
16659
27446
47823
47829
47840
42520
39860
47854
32367
47867
47871
27833
47877
47884
47886
47897
28009
28081
7910
47923
47924
42533
47932
23962
47937
47943
47946
49133
47948
47952
28272
47978
47981
15865
47992
28488
28595
48014
48016
48017
48021
48026
48027
48055
48059
48068
48071
42558
29195
48102
3
48113
34034
48126
48127
48129
29456
48142
41895
22746
14579
48151
42575
25341
29610
48173
48179
48181
29746
48185
48186
37218
48191
50618
48205
48207
48208
48211
11308
48216
48217
48223
48227
34051
30071
30114
48249
42594
48257
48262
48266
25827
25885
48289
30398
48295
25283
30428
48305
30474
48313
48315
48322
30543
48334
3537
16748
48345
48349
48350
48355
48367
48370
48371
30847
48392
10707
48396
48397
31005
48405
17124
48414
48421
34086
42159
7493
48444
48445
48454
3728
48464
48467
48472
42630
48474
48480
48507
31676
48523
48526
48529
48538
48541
34928
48557
42641
48561
48564
48571
48573
31963
31967
8016
31516
48596
48600
48608
48612
46827
34112
48634
6979
32346
48654
48687
48698
49851
5845
48725
35773
48738
48739
21796
33065
48756
48758
48761
48763
48766
48768
48777
48784
48788
33251
48800
48802
48810
42808
48814
48822
48823
48826
48827
32395
48838
48845
42684
48871
31012
48889
48893
3311
48902
48909
48911
45281
48920
48921
51415
34099
48942
48943
48956
48962
34242
48990
48995
48996
51423
49029
34623
34641
46230
49040
49065
35018
49092
49095
49097
4352
49098
49115
5231
43254
49132
42733
51596
38726
49153
49157
49165
49169
35493
15134
49180
49182
49207
49209
49227
49230
49235
49240
49244
49245
42749
49249
49251
12803
49289
42758
49299
16913
49316
36291
49331
34594
36389
49346
27445
49355
51479
49358
49364
42771
49377
36691
36695
1827
49388
36781
49396
49405
34252
49426
49439
49446
49450
49451
49464
49470
49471
49474
37318
49491
49499
37412
49502
49504
49510
49512
49514
10728
45108
37647
49545
13260
49554
37823
49570
49571
49576
49582
49586
49588
49606
38059
49609
49621
49623
49626
38204
16973
38301
51532
49642
34256
49649
49660
49661
49671
49676
49680
49683
49688
49689
49693
49708
34307
49712
49716
49720
38799
38887
25009
8214
49776
49787
49788
49801
42384
49808
49810
27353
49832
51576
49842
49845
49846
49850
49853
49865
49887
49893
49899
49901
49911
49916
49920
11820
49928
39984
49938
49939
49940
49944
38297
49949
49957
49964
49966
25644
49980
49981
49982
40329
49997
42881
40485
40520
50026
50030
50046
42892
40693
50064
50067
40789
50076
50078
50083
42903
50092
50093
50095
40957
40985
50113
50115
34381
50124
50126
50128
42912
50135
50141
50149
36943
25680
50157
41389
41394
50167
50169
50179
50181
50183
41548
50192
41692
50213
31271
50238
50242
24529
50262
50269
50292
21941
50299
50302
50318
42429
47171
17088
42488
50357
50374
50376
50380
50395
50406
34434
43047
50415
43069
50423
50434
8326
50437
50441
50448
50453
30096
43311
50469
50483
50489
44174
50493
43569
50501
50503
43604
50505
51691
51692
43659
46455
43681
16588
42987
50532
50542
50546
49229
50552
50559
50563
50579
50583
50588
50592
50605
50614
50619
50630
50637
50640
51715
50643
50645
17763
44512
50672
44552
50685
50693
29525
50703
50706
50711
45364
50731
50735
50743
50744
50750
50758
50785
50799
45225
17156
45300
50822
48667
48927
50832
50838
50839
25799
50855
50861
50865
41571
50873
50876
50879
24424
45770
50902
50907
3944
45902
6486
50932
17557
50938
50957
50967
50968
46216
50973
12972
50984
50991
50992
25764
51014
8424
51030
46587
34538
51042
29026
51049
51053
46687
34541
51066
51067
51082
25839
51088
46875
46889
46513
51114
51115
38686
47209
51148
1214
51157
51159
34557
51179
51204
6294
47662
51224
8452
51246
51247
51264
29658
51270
37453
51292
33137
48116
51312
51319
51321
51329
51332
51339
39415
51356
51357
48536
51360
48618
51369
51371
51374
51381
48876
51390
51392
48824
51554
13210
51433
51436
51438
25149
51445
34610
51457
51458
51462
51465
51466
51471
51472
51481
51483
51486
51492
49420
51505
51506
51508
51510
51528
8498
51531
51315
51537
51539
19499
49751
51558
37969
51570
51588
51597
51608
51615
51622
34637
51626
51660
51672
51684
51685
51693
51695
51697
8002
51709
51714
51725
46389
51732
34657
51743
50912
31804
5059
43179
51012
51786
17315
51790
51792
51796
51799
51802
51804
51275
51281
51346
51815
51832
51843
51845
51849
51553
51862
6235
51667
51886
51806
51860
51906
